2.2507339110e-02 4.4118080865e-02
2.2667796825e-02 4.3884833838e-02
2.2668130361e-02 4.3991924009e-02
2.2689663806e-02 4.4021542784e-02
2.2748659814e-02 4.3943075584e-02
2.2865792687e-02 4.3782116946e-02
2.3085888877e-02 4.3500378819e-02
2.3445272670e-02 4.3043226229e-02
2.3901757056e-02 4.2509522559e-02
2.4419650345e-02 4.1940140402e-02
2.4962492084e-02 4.1349449656e-02
2.5526305489e-02 4.0744561585e-02
2.6072818242e-02 4.0212758645e-02
2.6611765792e-02 3.9719457791e-02
2.7164730060e-02 3.9211031112e-02
2.7652661210e-02 3.8867622997e-02
2.8090065361e-02 3.8577229299e-02
2.8423649552e-02 3.8496178751e-02
2.8660113016e-02 3.8542412738e-02
2.8729417900e-02 3.8869635283e-02
2.8715901639e-02 3.9288264767e-02
2.8571860504e-02 4.0001660588e-02
2.8468966335e-02 4.0661616701e-02
2.8357385276e-02 4.1519835740e-02
2.8435186432e-02 4.2006664318e-02
2.8387475011e-02 4.2727046178e-02
2.8153079235e-02 4.3633271184e-02
2.7689332811e-02 4.4751190486e-02
2.7015661551e-02 4.6020191652e-02
2.6175092229e-02 4.7515257895e-02
2.5173020917e-02 4.9214095639e-02
2.4084187268e-02 5.1049391598e-02
2.2870056660e-02 5.3155930487e-02
2.1624374569e-02 5.5395680799e-02
2.0416071650e-02 5.7667517235e-02
1.9282565897e-02 5.9970537719e-02
1.8192973124e-02 6.2391007935e-02
1.7097427226e-02 6.4946732397e-02
1.5973614358e-02 6.7689445618e-02
1.4798119801e-02 7.0577482625e-02
1.3590682708e-02 7.3580457242e-02
1.2419192236e-02 7.6537727746e-02
1.1358466776e-02 7.9340850995e-02
1.0475194471e-02 8.1883525941e-02
9.8171905167e-03 8.4058277561e-02
9.3873067752e-03 8.5862565371e-02
9.1691193757e-03 8.7313464988e-02
9.1752553151e-03 8.8368197715e-02
9.4221448823e-03 8.9034736600e-02
9.9485683615e-03 8.9289760056e-02
1.0733474919e-02 8.9217809377e-02
1.1950297423e-02 8.8541729633e-02
1.3361035676e-02 8.7674833379e-02
1.4867744089e-02 8.6776783621e-02
1.6352331449e-02 8.6127528959e-02
1.7786796780e-02 8.5767938684e-02
1.9099154729e-02 8.5895290730e-02
2.0135261703e-02 8.6916475381e-02
2.0923671201e-02 8.8681365569e-02
2.1480140851e-02 9.1326584433e-02
2.2266743997e-02 9.4217498947e-02
2.4029193562e-02 9.6665669963e-02
2.8080891377e-02 9.6848715598e-02
3.4630670467e-02 9.4511321519e-02
4.2221882925e-02 9.0456137640e-02
4.9774509576e-02 8.1182365666e-02
4.9563052738e-02 8.3739366594e-02
4.5220249357e-02 8.9085003821e-02
4.0956849905e-02 8.9621358028e-02
3.6480545618e-02 9.0381848396e-02
3.2383313321e-02 9.1603207513e-02
2.9731333909e-02 9.0290140870e-02
2.7857869416e-02 8.8828257432e-02
2.6912846622e-02 8.7108393367e-02
2.6868198698e-02 8.5283656537e-02
2.7691257331e-02 8.3321367882e-02
2.9069731811e-02 8.1254749954e-02
3.0523353547e-02 7.8898945893e-02
3.0485710731e-02 7.7343171653e-02
2.8104596072e-02 7.9889589618e-02
2.5006555040e-02 8.1826185509e-02
2.1909889907e-02 8.3263815998e-02
1.9290134126e-02 8.4239286399e-02
1.7291597685e-02 8.4591479716e-02
1.5992549022e-02 8.3948549328e-02
1.5186925379e-02 8.2839855232e-02
1.4841992601e-02 8.1289799597e-02
1.4843706271e-02 7.9409080052e-02
1.5076050786e-02 7.7362715855e-02
1.5437261458e-02 7.5203606537e-02
1.5814406213e-02 7.3118089019e-02
1.6239002973e-02 7.0936008262e-02
1.6718769109e-02 6.8653518271e-02
1.7224868168e-02 6.6338299610e-02
1.7790916496e-02 6.3876124216e-02
1.8372630900e-02 6.1366199346e-02
1.8980826271e-02 5.8764137779e-02
1.9592425922e-02 5.6165871799e-02
2.0196420779e-02 5.3549417017e-02
2.0828435777e-02 5.0933072775e-02
2.1461922193e-02 4.8347549299e-02
2.2069185083e-02 4.5855813782e-02
2.2595301166e-02 4.3616699987e-02
2.3151022027e-02 4.1438950655e-02
2.3715081036e-02 3.9410002363e-02
2.4328995008e-02 3.7568055204e-02
2.5022954950e-02 3.5812872154e-02
2.5779527432e-02 3.4201693887e-02
2.6537925806e-02 3.2797796134e-02
2.7247051104e-02 3.1629331620e-02
2.7883016945e-02 3.0666616744e-02
2.8449436631e-02 2.9925343818e-02
2.8966442994e-02 2.9295615172e-02
2.9449214873e-02 2.8717088731e-02
2.9847960701e-02 2.8253403565e-02
3.0141619732e-02 2.7917129687e-02
3.0307655222e-02 2.7780798158e-02
3.0413315227e-02 2.7610628185e-02
3.0447152596e-02 2.7607184539e-02
3.0393856062e-02 2.7723507181e-02
3.0238893432e-02 2.8029276759e-02
3.0042419430e-02 2.8391233989e-02
2.9788865596e-02 2.8815627703e-02
2.9440515131e-02 2.9477658133e-02
2.9068194437e-02 3.0173436198e-02
2.8714247292e-02 3.0895052546e-02
2.8396314362e-02 3.1621622593e-02
2.8084390864e-02 3.2397676234e-02
2.7758202714e-02 3.3286318155e-02
2.7461379421e-02 3.4171518052e-02
2.7154049898e-02 3.5139016861e-02
2.6864361088e-02 3.6104760305e-02
2.6549835224e-02 3.7177038893e-02
2.6185288354e-02 3.8351937878e-02
2.5854739304e-02 3.9431351834e-02
2.5461079577e-02 4.0669415077e-02
2.5055159128e-02 4.1899167251e-02
2.4637917616e-02 4.3153544981e-02
2.4265987114e-02 4.4313618119e-02
2.3848315453e-02 4.5590634353e-02
2.3465646210e-02 4.6790505602e-02
2.3077265301e-02 4.7989371610e-02
2.2659592104e-02 4.9217653743e-02
2.2223132980e-02 5.0392442470e-02
2.1663604496e-02 5.1797830032e-02
2.1105059148e-02 5.3077583343e-02
2.0505381290e-02 5.4434990445e-02
1.9937328300e-02 5.5743743847e-02
1.9425010138e-02 5.6983777116e-02
1.8942559462e-02 5.8252379372e-02
1.8542905113e-02 5.9432224362e-02
1.8190286311e-02 6.0644807658e-02
1.7939466878e-02 6.1848011105e-02
1.7817651174e-02 6.2880583344e-02
1.7809643247e-02 6.3833613381e-02
1.7845925760e-02 6.4768005360e-02
1.7900804943e-02 6.5698523429e-02
1.7999779167e-02 6.6526706796e-02
1.8127994676e-02 6.7250003584e-02
1.8245947501e-02 6.7949816397e-02
1.8344190297e-02 6.8595625168e-02
1.8480015183e-02 6.9120224714e-02
1.8668959006e-02 6.9438364904e-02
1.8878008330e-02 6.9687140098e-02
1.9133545498e-02 6.9800136377e-02
1.9353121201e-02 6.9894542324e-02
1.9456004992e-02 7.0020647329e-02
1.9309864302e-02 7.0294935675e-02
1.8585760805e-02 7.1546228114e-02
1.7703704946e-02 7.2832602026e-02
1.6795080232e-02 7.4221378679e-02
1.6145175378e-02 7.5494560143e-02
1.6059581453e-02 7.6401247084e-02
1.6954202122e-02 7.6480447208e-02
1.8763759841e-02 7.5635065909e-02
2.0551092958e-02 7.4646902044e-02
2.2041033288e-02 7.1854446711e-02
1.9909288479e-02 7.6035111304e-02
1.7718850765e-02 7.7825798988e-02
1.5708990091e-02 7.9250988495e-02
1.4430337587e-02 8.0154961748e-02
1.3898517216e-02 8.0320912975e-02
1.3730214194e-02 8.0177402030e-02
1.3626914091e-02 8.0085308067e-02
1.3508619778e-02 8.0107512439e-02
1.3374038880e-02 8.0269769678e-02
1.3272814773e-02 8.0478382539e-02
1.3186501792e-02 8.0807669597e-02
1.3112811564e-02 8.1151836668e-02
1.3002725292e-02 8.1593376751e-02
1.2852250462e-02 8.2068267660e-02
1.2694021381e-02 8.2417204276e-02
1.2485599430e-02 8.2788698578e-02
1.2251040484e-02 8.3107973365e-02
1.2084575588e-02 8.3204307798e-02
1.1973177856e-02 8.3180929716e-02
1.1942539157e-02 8.3040470697e-02
1.2021037088e-02 8.2680832851e-02
1.2079841934e-02 8.2454935377e-02
1.2158494742e-02 8.2186200083e-02
1.2241068781e-02 8.1958561374e-02
1.2323822397e-02 8.1840373538e-02
1.2502172382e-02 8.1656629967e-02
1.2834945591e-02 8.1368632833e-02
1.3371104254e-02 8.0852638532e-02
1.4009311636e-02 8.0271175233e-02
1.4660312607e-02 7.9572214770e-02
1.5103945359e-02 7.9075010420e-02
1.5276507393e-02 7.8843064288e-02
1.5259182292e-02 7.8766814919e-02
1.5282796391e-02 7.8474245584e-02
1.5358294272e-02 7.8069661789e-02
1.5518498261e-02 7.7482067794e-02
1.5717473470e-02 7.6793479900e-02
1.5864383694e-02 7.6143259076e-02
1.5982705478e-02 7.5501574605e-02
1.6087946146e-02 7.4896427146e-02
1.6223020268e-02 7.4252592581e-02
1.6418371137e-02 7.3574515128e-02
1.6701468482e-02 7.2755457972e-02
1.7055748896e-02 7.1913366969e-02
1.7527685931e-02 7.0981852889e-02
1.8166170215e-02 6.9788816668e-02
1.8849220131e-02 6.8618364042e-02
1.9606490276e-02 6.7153419303e-02
2.0195519939e-02 6.6057012050e-02
2.0836852940e-02 6.4718032495e-02
2.1495497885e-02 6.3331626579e-02
2.2260017493e-02 6.1751534905e-02
2.3068505696e-02 6.0128264397e-02
2.3925465627e-02 5.8436910446e-02
2.4836374460e-02 5.6582443036e-02
2.5715454358e-02 5.4742353350e-02
2.6544021585e-02 5.2900429650e-02
2.7273446635e-02 5.1180882380e-02
2.8011875951e-02 4.9341569595e-02
2.8724568000e-02 4.7531201806e-02
2.9440099814e-02 4.5665559868e-02
3.0155652145e-02 4.3717513200e-02
3.0793363821e-02 4.1842860740e-02
3.1364823565e-02 4.0051626029e-02
3.2001964748e-02 3.7984547081e-02
3.2542397220e-02 3.6012150633e-02
3.2935588927e-02 3.4213844192e-02
3.3288271081e-02 3.2316264040e-02
3.3516394917e-02 3.0654829101e-02
3.3764782593e-02 2.8918596739e-02
3.4062548600e-02 2.7031874972e-02
3.4205501068e-02 2.5529982284e-02
3.4304272900e-02 2.4055560253e-02
3.4336578030e-02 2.2680446314e-02
3.4249951106e-02 2.1584558797e-02
3.4080597795e-02 2.0657392613e-02
3.3803080961e-02 2.0016920893e-02
3.3467698276e-02 1.9592894086e-02
3.3092642327e-02 1.9393301861e-02
3.2687852380e-02 1.9433367057e-02
3.2330152470e-02 1.9575367047e-02
3.1889479734e-02 2.0082707541e-02
3.1349558879e-02 2.0943861156e-02
3.0786065499e-02 2.2037669458e-02
3.0157172397e-02 2.3470928062e-02
2.9486130250e-02 2.5142209429e-02
2.8708986472e-02 2.7163569498e-02
2.7872978046e-02 2.9401534365e-02
2.6919833940e-02 3.1998300869e-02
2.5937146916e-02 3.4754791309e-02
2.4876920719e-02 3.7788785143e-02
2.3726506797e-02 4.1127813042e-02
2.2477873240e-02 4.4781041677e-02
2.1158949608e-02 4.8723075364e-02
1.9817205855e-02 5.2832849326e-02
1.8494381129e-02 5.7101493378e-02
1.7268593594e-02 6.1353518454e-02
1.6116252393e-02 6.5658256565e-02
1.5155534499e-02 6.9757248983e-02
1.4355959167e-02 7.3728476938e-02
1.3765262588e-02 7.7444689288e-02
1.3438986985e-02 8.0751946482e-02
1.3320608900e-02 8.3754183595e-02
1.3489484340e-02 8.6246946325e-02
1.3942348250e-02 8.8221626013e-02
1.4639311697e-02 8.9830863036e-02
1.5726109467e-02 9.0720676970e-02
1.7053575715e-02 9.1352401453e-02
1.8637271272e-02 9.1705889114e-02
2.0387159509e-02 9.1948080532e-02
2.2022258886e-02 9.2710129091e-02
2.3340691570e-02 9.4305207259e-02
2.4160457502e-02 9.7123180384e-02
2.4370997085e-02 1.0144951430e-01
2.4244073398e-02 1.0692154610e-01
2.4448003027e-02 1.1292091049e-01
2.6597552714e-02 1.1782449671e-01
3.2795617734e-02 1.1934438150e-01
4.3782406140e-02 1.1628747530e-01
5.6687597157e-02 1.1062012322e-01
6.9978634442e-02 9.4305288608e-02
6.9139340061e-02 1.0233725611e-01
6.3535854074e-02 1.1035314610e-01
5.8124799033e-02 1.1276986991e-01
5.5114504446e-02 1.0755415492e-01
4.8487465502e-02 1.1340320396e-01
4.3610612747e-02 1.1341618680e-01
3.9308830999e-02 1.1355324924e-01
3.6689359939e-02 1.1312697945e-01
3.6245471573e-02 1.1187646680e-01
3.8141386896e-02 1.0953985087e-01
4.1850996127e-02 1.0634205599e-01
4.5803075660e-02 1.0301343907e-01
4.9612030063e-02 9.5834660873e-02
4.6038132460e-02 1.0340985825e-01
4.2510942783e-02 1.0572425972e-01
3.8958868917e-02 1.0477415884e-01
3.3233770001e-02 1.0816733445e-01
2.7060851365e-02 1.1129891558e-01
2.1970607809e-02 1.1179694447e-01
1.8470672986e-02 1.1056056860e-01
1.6645432637e-02 1.0787650938e-01
1.6026117074e-02 1.0428095875e-01
1.5916647795e-02 1.0056730889e-01
1.5971741575e-02 9.7029618365e-02
1.5978216517e-02 9.3963895611e-02
1.5967130887e-02 9.1194070113e-02
1.5933256806e-02 8.8653129837e-02
1.5917240262e-02 8.6262936735e-02
1.5978488459e-02 8.3852367281e-02
1.6109290770e-02 8.1373975013e-02
1.6374991580e-02 7.8741632639e-02
1.6821050845e-02 7.5873531224e-02
1.7449157449e-02 7.2779638531e-02
1.8280426104e-02 6.9447302814e-02
1.9271017746e-02 6.5976350546e-02
2.0447367564e-02 6.2329907544e-02
2.1751893401e-02 5.8616117860e-02
2.3170574081e-02 5.4818645966e-02
2.4620702333e-02 5.1127250439e-02
2.6069588125e-02 4.7525444250e-02
2.7485443324e-02 4.4073166810e-02
2.8895240148e-02 4.0742742154e-02
3.0272036805e-02 3.7628846775e-02
3.1704255676e-02 3.4605317973e-02
3.3087451007e-02 3.1882517980e-02
3.4481906121e-02 2.9359518090e-02
3.5801629960e-02 2.7247099164e-02
3.7053076922e-02 2.5512908519e-02
3.8248599531e-02 2.4158594164e-02
3.9359493425e-02 2.3251171586e-02
4.0403205347e-02 2.2733779701e-02
4.1318758189e-02 2.2717576480e-02
4.2179145670e-02 2.2972440291e-02
4.3033608031e-02 2.3327781757e-02
4.3796903499e-02 2.4272132866e-02
4.4836798336e-02 2.4538204706e-02
4.5858748342e-02 2.4919222997e-02
4.6760677574e-02 2.5187431390e-02
4.7118899827e-02 2.5831896169e-02
4.6818317782e-02 2.6518711853e-02
4.5538175321e-02 2.7833495294e-02
4.3303633921e-02 3.0263893755e-02
4.1041263763e-02 3.2287011215e-02
3.9202148800e-02 3.3633214072e-02
3.7822722899e-02 3.4607814580e-02
3.6711675514e-02 3.5463134249e-02
3.5603677461e-02 3.6638842805e-02
3.4536216596e-02 3.7853326885e-02
3.3498390222e-02 3.9247983241e-02
3.2453237112e-02 4.0895176507e-02
3.1447005205e-02 4.2684458491e-02
3.0469333271e-02 4.4550548598e-02
2.9451997742e-02 4.6727908328e-02
2.8542265030e-02 4.8784474738e-02
2.7700457024e-02 5.0900499105e-02
2.6994479056e-02 5.2905870880e-02
2.6437059504e-02 5.4769700748e-02
2.6073470043e-02 5.6396908324e-02
2.5821429115e-02 5.7965113686e-02
2.5774632083e-02 5.9181631958e-02
2.5827245010e-02 6.0290863784e-02
2.5936614296e-02 6.1254786712e-02
2.6056659791e-02 6.2065066586e-02
2.6098194082e-02 6.2928793020e-02
2.6174593816e-02 6.3528587420e-02
2.6235647959e-02 6.3937978439e-02
2.6247867971e-02 6.4177329564e-02
2.6140394186e-02 6.4314832975e-02
2.5831265217e-02 6.4455724209e-02
2.5398020748e-02 6.4518516238e-02
2.4728729482e-02 6.4722936920e-02
2.3983647243e-02 6.4931920914e-02
2.3170843336e-02 6.5276877751e-02
2.2442463647e-02 6.5594669223e-02
2.1823814769e-02 6.5933866340e-02
2.1305918986e-02 6.6345623551e-02
2.0867558594e-02 6.6882152725e-02
2.0644612495e-02 6.7440795593e-02
2.0520895951e-02 6.8177611904e-02
2.1036830480e-02 6.8153978712e-02
2.1425456537e-02 6.8408754390e-02
2.1804237101e-02 6.8547044786e-02
2.1815280665e-02 6.9026889848e-02
2.1334103354e-02 6.9869698834e-02
2.1254781204e-02 7.0353488154e-02
2.1154499061e-02 7.0859502214e-02
2.1418521018e-02 7.1069068666e-02
2.1879037692e-02 7.1274459586e-02
2.2322009366e-02 7.1698926798e-02
2.2790502174e-02 7.2179142064e-02
2.3303293208e-02 7.2644084540e-02
2.3967299812e-02 7.2759580525e-02
2.4823939056e-02 7.2336378582e-02
2.5151089132e-02 7.2473070978e-02
2.5051705213e-02 7.2435187315e-02
2.4661746129e-02 7.2442961165e-02
2.3901905608e-02 7.2478007468e-02
2.2987348557e-02 7.2387118177e-02
2.2095737776e-02 7.2050504547e-02
2.1408686581e-02 7.1483573261e-02
2.0891801649e-02 7.0833882280e-02
2.0604189075e-02 7.0234357602e-02
2.0534837898e-02 6.9613832236e-02
2.0709176831e-02 6.9001479621e-02
2.0921752664e-02 6.8633149935e-02
2.1186539647e-02 6.8430323949e-02
2.1587402334e-02 6.8193305642e-02
2.2114941893e-02 6.7896287898e-02
2.2863915859e-02 6.7348196980e-02
2.3846278318e-02 6.6343895300e-02
2.4340982157e-02 6.5661619191e-02
2.5151085773e-02 6.4473774656e-02
2.5360199436e-02 6.3799864502e-02
2.5340903174e-02 6.3201685300e-02
2.5400366233e-02 6.2305815809e-02
2.5457521692e-02 6.1450360092e-02
2.5564606341e-02 6.0585451686e-02
2.5752396771e-02 5.9629895169e-02
2.5995884301e-02 5.8521387283e-02
2.6101793809e-02 5.7644708167e-02
2.6093196494e-02 5.6932146687e-02
2.6023125056e-02 5.6275673169e-02
2.5939133773e-02 5.5679277664e-02
2.5965459673e-02 5.4869813012e-02
2.6009049024e-02 5.4149009624e-02
2.6096984905e-02 5.3366506245e-02
2.6221510377e-02 5.2562362657e-02
2.6366991458e-02 5.1680476896e-02
2.6483639651e-02 5.0781961284e-02
2.6440775289e-02 5.0224820206e-02
2.6370707639e-02 4.9562657486e-02
2.6217669920e-02 4.9020103585e-02
2.6010777947e-02 4.8638311435e-02
2.5836941626e-02 4.8208325630e-02
2.5671918545e-02 4.7910005785e-02
2.5634210180e-02 4.7503787575e-02
2.5603910127e-02 4.7274148329e-02
2.5544771600e-02 4.7261605531e-02
2.5504908509e-02 4.7414214744e-02
2.5416014577e-02 4.7824699455e-02
2.5305741546e-02 4.8517486992e-02
2.5217606519e-02 4.9306805479e-02
2.5121446994e-02 5.0214679302e-02
2.4985252245e-02 5.1288452219e-02
2.4824271663e-02 5.2483527144e-02
2.4595113322e-02 5.3836116913e-02
2.4315835153e-02 5.5283804466e-02
2.3917278062e-02 5.6995703457e-02
2.3455810889e-02 5.8749320833e-02
2.2879570252e-02 6.0691268500e-02
2.2239052671e-02 6.2701151267e-02
2.1520012431e-02 6.4837660659e-02
2.0759338344e-02 6.7003454957e-02
1.9922936450e-02 6.9332943952e-02
1.9028025073e-02 7.1744110805e-02
1.8068689304e-02 7.4303561699e-02
1.7100638202e-02 7.6977741061e-02
1.6243327595e-02 7.9574362523e-02
1.5448351258e-02 8.2240755419e-02
1.4802145491e-02 8.4775734326e-02
1.4230206990e-02 8.7347869483e-02
1.3822490225e-02 8.9735009183e-02
1.3549533811e-02 9.1994839288e-02
1.3503244420e-02 9.3933869771e-02
1.3736352589e-02 9.5486300189e-02
1.4276231937e-02 9.6559090445e-02
1.5099071757e-02 9.7163281030e-02
1.6125037948e-02 9.7352971339e-02
1.7199313957e-02 9.7239062739e-02
1.8181253402e-02 9.6956059891e-02
1.8862880525e-02 9.7103273873e-02
1.9459229664e-02 9.7148280492e-02
1.9961263177e-02 9.7378893780e-02
2.0191158724e-02 9.8273960591e-02
2.0216107456e-02 9.9632965635e-02
1.9888614781e-02 1.0193955019e-01
1.9184932179e-02 1.0510190477e-01
1.8597040290e-02 1.0859913003e-01
1.8939300547e-02 1.1155885955e-01
2.1386302036e-02 1.1276023245e-01
2.6569776044e-02 1.1117102842e-01
3.2625550668e-02 1.0894534419e-01
3.9722666833e-02 1.0040070658e-01
3.9983599517e-02 1.0245368784e-01
3.5589582593e-02 1.0855383320e-01
3.1007696246e-02 1.0981035619e-01
2.5961507138e-02 1.1184539874e-01
2.1800958615e-02 1.1302716485e-01
1.9361870478e-02 1.1146017808e-01
1.8114569389e-02 1.0890076617e-01
1.7676097810e-02 1.0593493775e-01
1.7597351641e-02 1.0296501657e-01
1.7502394849e-02 1.0034068314e-01
1.7070234056e-02 9.8655217561e-02
1.6449295508e-02 9.7567463907e-02
1.5561395796e-02 9.6951823582e-02
1.4474143103e-02 9.6824705046e-02
1.3396056285e-02 9.6978127106e-02
1.2432463095e-02 9.6860842417e-02
1.1624564796e-02 9.6533094315e-02
1.1097786543e-02 9.5751664148e-02
1.0855712260e-02 9.4515664005e-02
1.0868890863e-02 9.2849831640e-02
1.1162217696e-02 9.0623188582e-02
1.1634189535e-02 8.8055578939e-02
1.2282112963e-02 8.5040127091e-02
1.3024158410e-02 8.1798285174e-02
1.3844549644e-02 7.8377539001e-02
1.4825119241e-02 7.4634989688e-02
1.6025877616e-02 7.0582984174e-02
1.7365043963e-02 6.6325563309e-02
1.8836394187e-02 6.1894347621e-02
2.0258087519e-02 5.7581288711e-02
2.1593211672e-02 5.3428005855e-02
2.2827506683e-02 4.9390362157e-02
2.3950962332e-02 4.5584940491e-02
2.5084341083e-02 4.1794657240e-02
2.6234732083e-02 3.8073162815e-02
2.7524361520e-02 3.4153482800e-02
2.8782374893e-02 3.0411501224e-02
2.9983729268e-02 2.6769600937e-02
3.1037325997e-02 2.3351702892e-02
3.1936066793e-02 2.0174514014e-02
3.2656213505e-02 1.7320867688e-02
3.3316938299e-02 1.4578023510e-02
3.3888616507e-02 1.1977268506e-02
3.4446140374e-02 9.4898484085e-03
3.4982165761e-02 7.1128756993e-03
3.5509720863e-02 4.8749589598e-03
3.6082345892e-02 2.6745925946e-03
3.6595838673e-02 7.4157283270e-04
3.7035584957e-02 -9.6736350239e-04
3.7392706408e-02 -2.4285546276e-03
3.7699244590e-02 -3.7195460445e-03
3.7936102464e-02 -4.8169284674e-03
3.8101356837e-02 -5.7054862913e-03
3.8122465236e-02 -6.2432884854e-03
3.8067430310e-02 -6.5544813994e-03
3.7928987035e-02 -6.5583708138e-03
3.7767647436e-02 -6.3638056200e-03
3.7566921829e-02 -5.9212268978e-03
3.7305385308e-02 -5.1768956131e-03
3.6974426268e-02 -4.1601679173e-03
3.6533086460e-02 -2.7795613969e-03
3.5989547671e-02 -1.0537504010e-03
3.5296771795e-02 1.0318779904e-03
3.4407887123e-02 3.6232313612e-03
3.3399379175e-02 6.4894636395e-03
3.2221402618e-02 9.7536322780e-03
3.0858806304e-02 1.3433293818e-02
2.9385602537e-02 1.7443902478e-02
2.7841133536e-02 2.1789225671e-02
2.6223676321e-02 2.6429975971e-02
2.4507723612e-02 3.1463213376e-02
2.2729807725e-02 3.6729406713e-02
2.0842219839e-02 4.2394757743e-02
1.8972410130e-02 4.8130071376e-02
1.7108896190e-02 5.3994428145e-02
1.5252928612e-02 5.9946450450e-02
1.3370212928e-02 6.5911113148e-02
1.1365333649e-02 7.2135134938e-02
9.3658986802e-03 7.8330085570e-02
7.4800058009e-03 8.4396131339e-02
5.8460744132e-03 9.0149469745e-02
4.5781529418e-03 9.5478099622e-02
3.7511474468e-03 1.0031110988e-01
3.4969875000e-03 1.0440819262e-01
3.8885085767e-03 1.0765904344e-01
4.9364921470e-03 1.0994314413e-01
6.5417270087e-03 1.1141393263e-01
8.5318288295e-03 1.1220447614e-01
1.0746747574e-02 1.1231930910e-01
1.2846338546e-02 1.1262658909e-01
1.4806743448e-02 1.1328965282e-01
1.6728931828e-02 1.1408611976e-01
1.8511601589e-02 1.1520288909e-01
1.9422518951e-02 1.1830002816e-01
1.9339904262e-02 1.2341893366e-01
1.8717441642e-02 1.3004568807e-01
1.8413749757e-02 1.3751351984e-01
2.0161239855e-02 1.4408468824e-01
2.5957138171e-02 1.4758358865e-01
3.6150793952e-02 1.4725613979e-01
4.7994316433e-02 1.4461342301e-01
6.1586220884e-02 1.2847844184e-01
6.0259369439e-02 1.4405325794e-01
6.0163560556e-02 1.4534758845e-01
5.9946463093e-02 1.3875380404e-01
5.3653090887e-02 1.4091933181e-01
4.2456329229e-02 1.4970224230e-01
3.2976532431e-02 1.5110465473e-01
2.6212351290e-02 1.4970152687e-01
2.2979552098e-02 1.4560002217e-01
2.2059824365e-02 1.4044701203e-01
2.1878746298e-02 1.3592833727e-01
2.1411809452e-02 1.3311842014e-01
2.0423112762e-02 1.3203766117e-01
1.8854479504e-02 1.3278453815e-01
1.6952042412e-02 1.3474891879e-01
1.5108098363e-02 1.3710302808e-01
1.3443404067e-02 1.3960137227e-01
1.2127347199e-02 1.4144209348e-01
1.0977566498e-02 1.4244047536e-01
9.4521225417e-03 1.4354147408e-01
7.8061441346e-03 1.4385947086e-01
6.2654945975e-03 1.4310240163e-01
4.8140434944e-03 1.4167810178e-01
3.7281858132e-03 1.3883056789e-01
2.6775180779e-03 1.3531780866e-01
1.3362590111e-03 1.3241416060e-01
5.8873631041e-04 1.2821495006e-01
5.0116252400e-04 1.2340224590e-01
1.0902643095e-03 1.1806465485e-01
2.1301278912e-03 1.1262211748e-01
3.4181339682e-03 1.0724507029e-01
4.8015799067e-03 1.0213045061e-01
6.2110093641e-03 9.7350658233e-02
7.6616241058e-03 9.2871095242e-02
9.1851146270e-03 8.8519716683e-02
1.0696610095e-02 8.4557720924e-02
1.2254949948e-02 8.0690907080e-02
1.3800907308e-02 7.7073457536e-02
1.5249941643e-02 7.3681556805e-02
1.6514342298e-02 7.0754508873e-02
1.7531198041e-02 6.8367141249e-02
1.8267526258e-02 6.6549859688e-02
1.8802689018e-02 6.5198941781e-02
1.8997264696e-02 6.4825735053e-02
1.9096665605e-02 6.4824888538e-02
1.9158001069e-02 6.5338354877e-02
1.9570676049e-02 6.5680136387e-02
2.0373932094e-02 6.6308420503e-02
2.1977138422e-02 6.6066637933e-02
2.4162650019e-02 6.4611986494e-02
2.5546714351e-02 6.3985204424e-02
2.4992147661e-02 6.5415726117e-02
2.2990855028e-02 6.6539586984e-02
1.8490148466e-02 7.1884530214e-02
1.4235942384e-02 7.5637807535e-02
1.0933797855e-02 7.8542857906e-02
8.7579740504e-03 8.0693807052e-02
7.4943151409e-03 8.2382567792e-02
6.6933562126e-03 8.4133777296e-02
6.1260511396e-03 8.6063416900e-02
5.6999294021e-03 8.8113582627e-02
5.3115001457e-03 9.0416745133e-02
4.8675466510e-03 9.2789224545e-02
4.0171627885e-03 9.5587158520e-02
3.4657642135e-03 9.7748554155e-02
2.2915025814e-03 1.0048860800e-01
1.0261119353e-03 1.0309298912e-01
-2.2041301729e-04 1.0550326427e-01
-1.3318402641e-03 1.0786872168e-01
-2.3799557250e-03 1.1036816342e-01
-3.2888654477e-03 1.1310598541e-01
-4.2015340753e-03 1.1628281115e-01
-5.0583224095e-03 1.1993614354e-01
-5.5799784124e-03 1.2369850733e-01
-5.0855944852e-03 1.2680375115e-01
-2.7416554833e-03 1.2835617951e-01
1.7944532833e-03 1.2776185679e-01
7.1786343202e-03 1.2599022825e-01
1.2537315125e-02 1.1987658466e-01
1.1609465151e-02 1.2336112572e-01
7.4154108804e-03 1.2906683712e-01
3.3904136949e-03 1.3173551887e-01
6.0901224408e-04 1.3247231503e-01
-1.3318591804e-03 1.3279747403e-01
-2.8961278853e-03 1.3274085089e-01
-4.6722451130e-03 1.3348674313e-01
-6.0975425427e-03 1.3384436745e-01
-6.8014836034e-03 1.3392117235e-01
-6.4784611132e-03 1.3363028300e-01
-5.2159851367e-03 1.3273756704e-01
-3.8102074415e-03 1.3149548000e-01
-3.1605500899e-03 1.2942218632e-01
-5.9149228905e-03 1.3280422535e-01
-9.8306558295e-03 1.3605784510e-01
-1.3877096495e-02 1.3893700252e-01
-1.6865579461e-02 1.4047613086e-01
-1.8910866268e-02 1.4123269848e-01
-2.0279718295e-02 1.4138725425e-01
-2.1362003193e-02 1.4126129817e-01
-2.2244623271e-02 1.4084922197e-01
-2.3058371057e-02 1.4041652861e-01
-2.3741954356e-02 1.3991047211e-01
-2.4561921919e-02 1.3990368042e-01
-2.4621609885e-02 1.3890656303e-01
-2.4941600010e-02 1.3851469779e-01
-2.5163324926e-02 1.3808675703e-01
-2.5283751673e-02 1.3758338919e-01
-2.5305164821e-02 1.3704266007e-01
-2.5151877730e-02 1.3640400441e-01
-2.4845218954e-02 1.3577523817e-01
-2.4383843113e-02 1.3518414080e-01
-2.3800287944e-02 1.3464995319e-01
-2.3139362125e-02 1.3426858917e-01
-2.2368284023e-02 1.3394633961e-01
-2.1406791985e-02 1.3351199522e-01
-2.0392611091e-02 1.3309148494e-01
-1.9243673844e-02 1.3238683363e-01
-1.8280100637e-02 1.3168797204e-01
-1.7743745589e-02 1.3114923431e-01
-1.7871263888e-02 1.3098826680e-01
-1.8670887072e-02 1.3123194848e-01
-1.9991708412e-02 1.3174133506e-01
-2.1493614583e-02 1.3226059675e-01
-2.3012342074e-02 1.3268015759e-01
-2.4519104755e-02 1.3321314090e-01
-2.5837389281e-02 1.3370838257e-01
-2.6936454261e-02 1.3422000244e-01
-2.7985922912e-02 1.3513304010e-01
-2.8797839464e-02 1.3612094803e-01
-2.9511651326e-02 1.3742838061e-01
-3.0148814426e-02 1.3903741139e-01
-3.0579040209e-02 1.4077445057e-01
-3.0878143245e-02 1.4269802053e-01
-3.0919457933e-02 1.4456746730e-01
-3.0670144940e-02 1.4627314852e-01
-3.0211531278e-02 1.4787783679e-01
-2.9565959586e-02 1.4929308580e-01
-2.8899208449e-02 1.5066878809e-01
-2.8147164187e-02 1.5183313662e-01
-2.7266720375e-02 1.5259768102e-01
-2.6243666525e-02 1.5294989847e-01
-2.5319151156e-02 1.5310754391e-01
-2.4480407451e-02 1.5303145230e-01
-2.3844217542e-02 1.5283709924e-01
-2.3485898459e-02 1.5274819245e-01
-2.3378451522e-02 1.5277397236e-01
-2.3379442093e-02 1.5272736871e-01
-2.3612132004e-02 1.5310208740e-01
-2.3921742972e-02 1.5373906676e-01
-2.4010772891e-02 1.5436100939e-01
-2.3530126490e-02 1.5460398946e-01
-2.2336184974e-02 1.5441079229e-01
-2.0504761589e-02 1.5373806029e-01
-1.8456191364e-02 1.5253582633e-01
-1.6209488783e-02 1.5139700618e-01
-1.4434273197e-02 1.5134787923e-01
-1.2190059257e-02 1.4966190312e-01
-1.0321573894e-02 1.4706607401e-01
-1.0513876475e-02 1.4635159806e-01
-1.3626839260e-02 1.4991702676e-01
-1.6791329082e-02 1.5154654154e-01
-1.9489554923e-02 1.5303816969e-01
-2.0374307277e-02 1.5259100843e-01
-1.9303344801e-02 1.5032334133e-01
-1.6820581685e-02 1.4687005285e-01
-1.4061879619e-02 1.4332506476e-01
-1.2082464428e-02 1.3816734605e-01
-1.4110522504e-02 1.4102520221e-01
-1.6509060722e-02 1.4187829908e-01
-1.8949856620e-02 1.4270639737e-01
-2.0540208354e-02 1.4274358457e-01
-2.1284735719e-02 1.4213467596e-01
-2.1423324933e-02 1.4102778845e-01
-2.1237165702e-02 1.3982237801e-01
-2.0778053495e-02 1.3850694062e-01
-2.0125655607e-02 1.3710697266e-01
-1.9309986231e-02 1.3551797348e-01
-1.8656971797e-02 1.3432318472e-01
-1.8039023516e-02 1.3306124841e-01
-1.7613676838e-02 1.3201657827e-01
-1.7208563822e-02 1.3085204924e-01
-1.6923065336e-02 1.2990920704e-01
-1.6427096361e-02 1.2862259296e-01
-1.5692365266e-02 1.2713659393e-01
-1.4796079806e-02 1.2565521840e-01
-1.3723688658e-02 1.2413161263e-01
-1.2606170939e-02 1.2284516946e-01
-1.1341446229e-02 1.2155415385e-01
-9.9774395177e-03 1.2030886327e-01
-8.5481320339e-03 1.1909538801e-01
-7.1031825533e-03 1.1792239251e-01
-5.6654348367e-03 1.1670133097e-01
-4.3295888876e-03 1.1549391668e-01
-3.0807618575e-03 1.1411574521e-01
-2.0604518019e-03 1.1292987560e-01
-1.1909476130e-03 1.1180438801e-01
-8.3454525328e-04 1.1181532959e-01
4.4962424321e-05 1.1086664768e-01
4.5476782793e-04 1.1112622685e-01
8.8541947368e-04 1.1158205779e-01
1.3231762997e-03 1.1212162250e-01
1.7595436681e-03 1.1288319561e-01
2.1786930746e-03 1.1390033988e-01
2.5265118195e-03 1.1523803782e-01
2.8159324751e-03 1.1699268775e-01
2.9961530863e-03 1.1891890131e-01
2.9809188785e-03 1.2120720108e-01
2.6463397567e-03 1.2399419144e-01
2.0797262633e-03 1.2701351971e-01
1.3117701276e-03 1.3022204851e-01
3.0150110184e-04 1.3376639463e-01
-8.1533331300e-04 1.3746748589e-01
-2.0222597365e-03 1.4137177326e-01
-3.2394135218e-03 1.4532524119e-01
-4.5281777537e-03 1.4959774571e-01
-5.8664554280e-03 1.5406178628e-01
-7.2158533244e-03 1.5872300205e-01
-8.5848493637e-03 1.6351208488e-01
-9.9964844159e-03 1.6842187659e-01
-1.1405819661e-02 1.7329582665e-01
-1.2906051992e-02 1.7817782238e-01
-1.4360180226e-02 1.8267905358e-01
-1.5779705559e-02 1.8682850630e-01
-1.7137768905e-02 1.9054385483e-01
-1.8671543894e-02 1.9457680947e-01
-1.9634440584e-02 1.9707552743e-01
-2.0564223741e-02 1.9964479760e-01
-2.1506398594e-02 2.0246812660e-01
-2.2007481606e-02 2.0387695850e-01
-2.2294193847e-02 2.0528956119e-01
-2.2274465785e-02 2.0617947308e-01
-2.1919543925e-02 2.0652274145e-01
-2.1414079980e-02 2.0687118754e-01
-2.0859130938e-02 2.0742319343e-01
-2.0144590491e-02 2.0829464213e-01
-1.9351563926e-02 2.0970490296e-01
-1.8842281143e-02 2.1213149577e-01
-1.8534634475e-02 2.1543051255e-01
-1.8230615014e-02 2.1929754727e-01
-1.7367009069e-02 2.2301694488e-01
-1.4669532078e-02 2.2507740675e-01
-8.0635928109e-03 2.2309597568e-01
2.0770729613e-03 2.1701001243e-01
1.2671113183e-02 2.0917663932e-01
2.2414768851e-02 1.9219575250e-01
1.6879433637e-02 2.0371102560e-01
1.0390662315e-02 2.0654742394e-01
4.1283922201e-03 2.0807509938e-01
8.6654192598e-04 2.0624258756e-01
2.0580949689e-04 2.0161608967e-01
-9.2864922594e-04 1.9973051373e-01
-1.9599854125e-03 1.9788188630e-01
-2.7767835305e-03 1.9709659406e-01
-1.9092818972e-03 1.9585855598e-01
1.7031509018e-03 1.9304687333e-01
7.5964185088e-03 1.8860367571e-01
1.3776620340e-02 1.8269795450e-01
1.8136519269e-02 1.7354234563e-01
1.2394999233e-02 1.8405755102e-01
7.4461881668e-03 1.8629485746e-01
3.3106009523e-03 1.8576150743e-01
3.4292050219e-04 1.8146388713e-01
-6.1970869298e-03 1.8531586199e-01
-1.1163005791e-02 1.8358845313e-01
-1.5173493856e-02 1.8074803069e-01
-1.7520577910e-02 1.7661265270e-01
-1.8448250661e-02 1.7159117579e-01
-1.8711310981e-02 1.6648876988e-01
-1.8925323596e-02 1.6190339604e-01
-1.9426188999e-02 1.5811785546e-01
-2.0244202539e-02 1.5508179897e-01
-2.1284084394e-02 1.5264677816e-01
-2.2242447586e-02 1.5039501665e-01
-2.2843156564e-02 1.4797028081e-01
-2.3005605996e-02 1.4524914874e-01
-2.2812242346e-02 1.4238824747e-01
-2.2342464449e-02 1.3941431514e-01
-2.1670252565e-02 1.3649259556e-01
-2.0663155188e-02 1.3329865738e-01
-1.9365141028e-02 1.3008288477e-01
-1.7710249710e-02 1.2669409734e-01
-1.5745705039e-02 1.2317515847e-01
-1.3577827899e-02 1.1955116312e-01
-1.1517627574e-02 1.1641444248e-01
-9.5272006120e-03 1.1336723631e-01
-7.7926462747e-03 1.1083659617e-01
-6.2614213872e-03 1.0872436296e-01
-4.8737215365e-03 1.0684944834e-01
-3.7021280138e-03 1.0536943945e-01
-2.7793395050e-03 1.0428144330e-01
-2.0901598593e-03 1.0358623968e-01
-1.5831747737e-03 1.0325462630e-01
-1.0883596517e-03 1.0282769530e-01
-7.0445656025e-04 1.0243295291e-01
-7.4060679938e-04 1.0264399140e-01
-1.2109009876e-03 1.0317232926e-01
-2.1553963760e-03 1.0399026695e-01
-3.6967683464e-03 1.0551598610e-01
-5.6217992884e-03 1.0744043397e-01
-7.7178406289e-03 1.0977476307e-01
-9.5463122574e-03 1.1171617606e-01
-1.1165169174e-02 1.1389014298e-01
-1.2480417220e-02 1.1595307291e-01
-1.3584886805e-02 1.1822270727e-01
-1.4429919824e-02 1.2041501360e-01
-1.5149224269e-02 1.2284965924e-01
-1.5776002727e-02 1.2542204490e-01
-1.6390777630e-02 1.2822047446e-01
-1.6984473093e-02 1.3112496080e-01
-1.7589367174e-02 1.3422885292e-01
-1.8133290512e-02 1.3733381475e-01
-1.8649478003e-02 1.4051839185e-01
-1.9082256648e-02 1.4364424297e-01
-1.9470494604e-02 1.4685394802e-01
-1.9753524615e-02 1.4999198963e-01
-1.9958456681e-02 1.5318624536e-01
-2.0016067487e-02 1.5614204211e-01
-2.0111763644e-02 1.5928434306e-01
-2.0254632125e-02 1.6249011503e-01
-2.0484443981e-02 1.6579017465e-01
-2.0724515957e-02 1.6898749848e-01
-2.1029253161e-02 1.7222278579e-01
-2.1337108972e-02 1.7513245029e-01
-2.1806399599e-02 1.7797789680e-01
-2.2359640250e-02 1.8044213997e-01
-2.3058935464e-02 1.8289183376e-01
-2.3589878651e-02 1.8453260599e-01
-2.4111291701e-02 1.8561201464e-01
-2.5051691059e-02 1.8666216029e-01
-2.6734416520e-02 1.8803319799e-01
-2.9409364201e-02 1.9068297318e-01
-3.1987474261e-02 1.9248302215e-01
-3.4321752594e-02 1.9444614019e-01
-3.5627753670e-02 1.9523980070e-01
-3.5916171066e-02 1.9516963338e-01
-3.5377168888e-02 1.9449396240e-01
-3.4027717372e-02 1.9306067791e-01
-3.1971425661e-02 1.9139017801e-01
-2.9189967108e-02 1.8901750995e-01
-2.6284317450e-02 1.8636135452e-01
-2.3488740135e-02 1.8130257670e-01
-2.4681090053e-02 1.8425264942e-01
-2.6143190665e-02 1.8520652372e-01
-2.7739362189e-02 1.8659210297e-01
-2.8685078297e-02 1.8790350245e-01
-2.8935310480e-02 1.8916174324e-01
-2.8624840131e-02 1.9050044040e-01
-2.7426384529e-02 1.9146940417e-01
-2.4359237215e-02 1.9103187352e-01
-1.8071651716e-02 1.8707245151e-01
-9.5454866675e-03 1.8206041793e-01
-4.2062511320e-04 1.7478133678e-01
8.0253482210e-03 1.5809682575e-01
1.2526697821e-03 1.6867672231e-01
-7.9198095262e-03 1.7366259406e-01
-1.6980989893e-02 1.7626643930e-01
-2.2616818257e-02 1.7520597526e-01
-2.4575361229e-02 1.7091207585e-01
-2.4345653647e-02 1.6498058247e-01
-2.3410146061e-02 1.5895860814e-01
-2.2603281623e-02 1.5378372414e-01
-2.2197928213e-02 1.4974057226e-01
-2.2166530788e-02 1.4668986903e-01
-2.2483317720e-02 1.4461783695e-01
-2.2952992132e-02 1.4314735881e-01
-2.3445218712e-02 1.4204281718e-01
-2.3726069273e-02 1.4084583535e-01
-2.3780480645e-02 1.3950215416e-01
-2.3575571408e-02 1.3789858197e-01
-2.3106963679e-02 1.3597118377e-01
-2.2442004567e-02 1.3386319012e-01
-2.1412656001e-02 1.3118622083e-01
-2.0197432647e-02 1.2827187030e-01
-1.8822675570e-02 1.2509688797e-01
-1.7423768211e-02 1.2192051253e-01
-1.5957055949e-02 1.1860305986e-01
-1.4427354443e-02 1.1519474204e-01
-1.2847822449e-02 1.1186210025e-01
-1.1158956631e-02 1.0850087017e-01
-9.2962347414e-03 1.0506781474e-01
-7.3224219325e-03 1.0166961236e-01
-5.3035060105e-03 9.8121231087e-02
-3.7031640643e-03 9.5320633158e-02
-2.5087429748e-03 9.2928587455e-02
-1.6936937665e-03 9.0972196754e-02
-1.1958350139e-03 8.9580849129e-02
-5.8056347191e-04 8.7806040749e-02
-1.2365373655e-04 8.6568603501e-02
3.3053477445e-04 8.5335478483e-02
6.5115365400e-04 8.4364140314e-02
7.9025481002e-04 8.3681016750e-02
6.7833887527e-04 8.3507716013e-02
4.3068896013e-04 8.3524961308e-02
3.9533720789e-05 8.3777642695e-02
-5.4176916157e-04 8.4386295946e-02
-1.3178137769e-03 8.5387132224e-02
-2.2130548442e-03 8.6679007483e-02
-3.1424363005e-03 8.8169639752e-02
-3.9887583020e-03 8.9731370972e-02
-4.8145649754e-03 9.1494216325e-02
-5.6599735091e-03 9.3536303607e-02
-6.3696844943e-03 9.5508065723e-02
-7.0428003022e-03 9.7638910022e-02
-7.6003872720e-03 9.9759989874e-02
-8.0467131923e-03 1.0188218425e-01
-8.2458059692e-03 1.0370628728e-01
-8.2030064042e-03 1.0520952372e-01
-8.0922556326e-03 1.0663886949e-01
-7.8037372181e-03 1.0777179242e-01
-7.4142805693e-03 1.0884894351e-01
-6.8701131034e-03 1.0962979920e-01
-6.2576492850e-03 1.1032418648e-01
-5.7845362604e-03 1.1149804478e-01
-5.2280774271e-03 1.1265591533e-01
-4.5952401248e-03 1.1395772714e-01
-3.8451643334e-03 1.1543599685e-01
-3.0576865533e-03 1.1739493996e-01
-2.0441642300e-03 1.1941371649e-01
-8.7475840208e-04 1.2185508331e-01
6.7002775040e-04 1.2415164543e-01
2.4050332591e-03 1.2659929827e-01
4.1861660867e-03 1.2909873162e-01
5.9953653245e-03 1.3084744202e-01
8.3816207365e-03 1.3189538218e-01
1.0497882132e-02 1.3323800832e-01
1.3026583263e-02 1.3304630650e-01
1.5882697770e-02 1.2797724156e-01
1.3118668166e-02 1.3338522583e-01
9.1643732896e-03 1.3659110914e-01
4.3224910762e-03 1.4074143022e-01
7.0612028700e-04 1.4317194182e-01
-1.4624844670e-03 1.4444365371e-01
-2.6494238648e-03 1.4529557115e-01
-3.0989178718e-03 1.4590679637e-01
-2.8120491586e-03 1.4633651732e-01
-1.3186826786e-03 1.4619841815e-01
1.4720611705e-03 1.4497466165e-01
4.3634025238e-03 1.4367701656e-01
6.8698348299e-03 1.3954203281e-01
4.0590835948e-03 1.4586021147e-01
1.0518977667e-03 1.4877784041e-01
-1.7343240598e-03 1.5104121663e-01
-3.1614635810e-03 1.5176296748e-01
-3.2752190125e-03 1.5089049132e-01
-2.7809061717e-03 1.4929233317e-01
-2.1073534487e-03 1.4749184128e-01
-1.3619029181e-03 1.4559184074e-01
-6.0561790490e-04 1.4385135022e-01
2.3358217681e-04 1.4213594261e-01
1.0413889416e-03 1.4070791818e-01
1.8280916747e-03 1.3948734468e-01
2.5612056901e-03 1.3852349411e-01
3.3358179741e-03 1.3754294291e-01
4.1574820874e-03 1.3648454865e-01
4.9924746560e-03 1.3545238584e-01
5.9160420942e-03 1.3406496081e-01
6.8601552673e-03 1.3231489429e-01
7.5511918294e-03 1.3067033944e-01
7.9779054093e-03 1.2880972464e-01
7.9726444161e-03 1.2705697245e-01
7.5187693211e-03 1.2546790753e-01
6.8201659798e-03 1.2363801894e-01
5.8906867413e-03 1.2196643102e-01
4.8953736642e-03 1.2040456236e-01
4.3115506683e-03 1.1766484918e-01
3.4396614742e-03 1.1587467021e-01
2.5916364464e-03 1.1412196456e-01
1.8972829049e-03 1.1224621288e-01
1.3032099518e-03 1.1051665011e-01
8.0070873544e-04 1.0900792802e-01
3.3985164608e-04 1.0774565832e-01
4.6617186330e-05 1.0638813952e-01
-1.6996482818e-04 1.0518449010e-01
-2.1964498548e-04 1.0394552204e-01
-1.3130224760e-04 1.0272184529e-01
2.1356171025e-04 1.0120531830e-01
6.6362667041e-04 9.9765242065e-02
1.2930967467e-03 9.8092312246e-02
2.0177034296e-03 9.6393524614e-02
2.8650849714e-03 9.4539809922e-02
3.8027019000e-03 9.2600346016e-02
4.8157383598e-03 9.0631264592e-02
5.9359165878e-03 8.8538179132e-02
7.1112440756e-03 8.6489317443e-02
8.3493028700e-03 8.4420928720e-02
9.5377416924e-03 8.2563718357e-02
1.0672168531e-02 8.0779433344e-02
1.1566478720e-02 7.9470415074e-02
1.2257324053e-02 7.8514997827e-02
1.2900072231e-02 7.7640612202e-02
1.3582599680e-02 7.6959360520e-02
1.4550127796e-02 7.6035072147e-02
1.5907182279e-02 7.4561201061e-02
1.7385805758e-02 7.2825383950e-02
1.8516112790e-02 7.1438701324e-02
1.9049762003e-02 7.0429338225e-02
1.8845578388e-02 6.9702278158e-02
1.7759492693e-02 6.9668055950e-02
1.5944086665e-02 7.0557462436e-02
1.4257426773e-02 7.0962873477e-02
1.3045689946e-02 7.0865698707e-02
1.2364087791e-02 7.0368395565e-02
1.1987040995e-02 6.9832178012e-02
1.1670920053e-02 6.9515477626e-02
1.1266272774e-02 6.9546528719e-02
1.0764686303e-02 6.9873445562e-02
1.0173006101e-02 7.0524224529e-02
9.5491225577e-03 7.1333382873e-02
8.8820148110e-03 7.2353884991e-02
8.2571322931e-03 7.3455783344e-02
7.7085344233e-03 7.4589705182e-02
7.2925183006e-03 7.5658255018e-02
7.0006502566e-03 7.6642443440e-02
6.7775933052e-03 7.7658384070e-02
6.6617143901e-03 7.8588844111e-02
6.6658551727e-03 7.9390834504e-02
6.7595506458e-03 8.0170461505e-02
6.9501683392e-03 8.0866663571e-02
7.1622932095e-03 8.1593272880e-02
7.3462762339e-03 8.2352146627e-02
7.4212409531e-03 8.3297536973e-02
7.4749417229e-03 8.4160509385e-02
7.4070131591e-03 8.5271423451e-02
7.4181893282e-03 8.6166001134e-02
7.4846940588e-03 8.6941432439e-02
7.5179834075e-03 8.7856344278e-02
7.6237780836e-03 8.8492453776e-02
7.6189950586e-03 8.9273565697e-02
7.5079948097e-03 9.0130202685e-02
7.3288222267e-03 9.0921011427e-02
7.0191315403e-03 9.1896901879e-02
6.7196767600e-03 9.2837726130e-02
6.4772226281e-03 9.3741099575e-02
6.3458168996e-03 9.4552344028e-02
6.3186808679e-03 9.5346606799e-02
6.3711727715e-03 9.6229083393e-02
6.5690301477e-03 9.6960813759e-02
6.8356556510e-03 9.7653254660e-02
7.0321952547e-03 9.8653839806e-02
7.3084617583e-03 9.9510547597e-02
7.6124673554e-03 1.0040477785e-01
8.0104205413e-03 1.0111278667e-01
8.3904806440e-03 1.0189557461e-01
8.7570928163e-03 1.0267046236e-01
9.1037998583e-03 1.0342324130e-01
9.4141107288e-03 1.0419389930e-01
9.6429081704e-03 1.0503682579e-01
9.7397869263e-03 1.0604492848e-01
9.7155092655e-03 1.0710130166e-01
9.5327715428e-03 1.0832958816e-01
9.3070003918e-03 1.0960005797e-01
9.2583805119e-03 1.1060001160e-01
9.4435896369e-03 1.1142733965e-01
9.8475553623e-03 1.1182306293e-01
1.0300468469e-02 1.1148921217e-01
1.0219749558e-02 1.1198660396e-01
9.9029482870e-03 1.1297359394e-01
1.0172493618e-02 1.1251085228e-01
1.0831290186e-02 1.1051158902e-01
1.0360967409e-02 1.1007486088e-01
8.4046973938e-03 1.1178373230e-01
6.4399352540e-03 1.1255497979e-01
4.9845792454e-03 1.1275598284e-01
4.3657464773e-03 1.1232593215e-01
4.5428679947e-03 1.1121335762e-01
5.1394650433e-03 1.0983134860e-01
5.7880933049e-03 1.0850331353e-01
6.2230298886e-03 1.0747274857e-01
6.2763214117e-03 1.0713300742e-01
6.2111572685e-03 1.0683955446e-01
6.1279497769e-03 1.0659815708e-01
6.1335428374e-03 1.0628602999e-01
6.1591060456e-03 1.0604515565e-01
6.3276564815e-03 1.0569398388e-01
6.6751338241e-03 1.0514167776e-01
7.2197271966e-03 1.0441280737e-01
7.9447071668e-03 1.0348914953e-01
8.7644313641e-03 1.0244675674e-01
9.5825889632e-03 1.0131458861e-01
1.0268964556e-02 1.0024181221e-01
1.0719543634e-02 9.9378740111e-02
1.0972659756e-02 9.8596808025e-02
1.1078403081e-02 9.7822773231e-02
1.1021689466e-02 9.7182030590e-02
1.0896988303e-02 9.6530930422e-02
1.0796346365e-02 9.5699461864e-02
1.0680060735e-02 9.4848964134e-02
1.0537873972e-02 9.3976781432e-02
1.0373125240e-02 9.2999747031e-02
1.0050835026e-02 9.2248755346e-02
9.6114629627e-03 9.1632660124e-02
9.1144491041e-03 9.1127184875e-02
8.6419459502e-03 9.0726116388e-02
8.3102912756e-03 9.0282123101e-02
8.1618321660e-03 8.9742027045e-02
8.1214244361e-03 8.9264594716e-02
8.1321853723e-03 8.8901439755e-02
8.1808686578e-03 8.8675835825e-02
