1.6140921164e-02 7.4301976172e-02
1.6965353009e-02 7.3108416412e-02
1.7377904568e-02 7.3317772117e-02
1.7533730463e-02 7.3754001879e-02
1.7293667054e-02 7.4504517463e-02
1.6727788996e-02 7.5530067568e-02
1.5846831212e-02 7.7097668984e-02
1.4919033308e-02 7.8759276187e-02
1.4097599150e-02 8.0406352075e-02
1.3473847814e-02 8.1940008684e-02
1.2964320911e-02 8.3588143800e-02
1.2554647122e-02 8.5310387711e-02
1.2204252362e-02 8.7058206642e-02
1.1708005182e-02 8.9172367826e-02
1.1092682304e-02 9.1347831708e-02
1.0117727753e-02 9.4256642930e-02
9.0901929690e-03 9.7167120970e-02
8.1133684314e-03 1.0013542838e-01
7.3532851879e-03 1.0289386278e-01
6.8515717746e-03 1.0544077345e-01
6.5242152599e-03 1.0780654820e-01
6.2522158895e-03 1.1005893749e-01
5.9357422783e-03 1.1219579538e-01
5.4697862718e-03 1.1433516604e-01
4.8029849834e-03 1.1678162102e-01
4.3593033117e-03 1.1866469910e-01
4.0505056081e-03 1.2041062861e-01
4.1146324681e-03 1.2119480034e-01
3.8053774400e-03 1.2301236257e-01
3.7374482713e-03 1.2405881946e-01
3.7743897714e-03 1.2502710895e-01
3.9940999226e-03 1.2583365013e-01
4.4335779312e-03 1.2635501815e-01
5.0323454679e-03 1.2676967008e-01
5.7401104315e-03 1.2716936468e-01
6.6808245817e-03 1.2708441986e-01
7.5473900420e-03 1.2734393380e-01
8.5016535181e-03 1.2731501222e-01
9.4410316871e-03 1.2733384766e-01
1.0401457357e-02 1.2726023791e-01
1.1388449675e-02 1.2711317707e-01
1.2393432108e-02 1.2680497672e-01
1.3289839914e-02 1.2650833809e-01
1.3929498153e-02 1.2643130834e-01
1.4269411628e-02 1.2644763359e-01
1.4280078401e-02 1.2656593997e-01
1.3881418312e-02 1.2716226414e-01
1.3457307257e-02 1.2752366262e-01
1.3273461759e-02 1.2745434234e-01
1.3552354421e-02 1.2674801436e-01
1.4388467097e-02 1.2508725953e-01
1.5392459319e-02 1.2304188162e-01
1.6236871957e-02 1.2041998279e-01
1.5951349725e-02 1.1863457656e-01
1.4349145162e-02 1.1735344167e-01
1.1171978415e-02 1.1787262041e-01
7.6837713081e-03 1.1826212879e-01
4.8449763416e-03 1.1777678671e-01
3.1475349150e-03 1.1613121324e-01
2.3042836262e-03 1.1392357795e-01
1.9207936229e-03 1.1140592566e-01
1.5728186014e-03 1.0921361552e-01
6.9914253351e-04 1.0781922761e-01
7.7689268222e-05 1.0613615832e-01
-6.6770066630e-04 1.0488662476e-01
-1.2277159540e-03 1.0366060155e-01
-1.6411537018e-03 1.0243769605e-01
-1.6354935564e-03 1.0092316485e-01
-1.6458935100e-03 9.9625435084e-02
-1.2158822467e-03 9.7917299337e-02
-8.1579659047e-04 9.6342226451e-02
-2.3845689901e-04 9.4529853349e-02
4.9522619042e-04 9.2422586076e-02
1.1489098575e-03 9.0506282346e-02
1.9435323230e-03 8.8312438823e-02
2.7437116664e-03 8.6022307891e-02
3.6399953486e-03 8.3640119502e-02
4.5569313877e-03 8.1210534818e-02
5.4725678387e-03 7.8963999534e-02
6.2944989871e-03 7.6881447222e-02
7.1587506454e-03 7.4900767186e-02
8.0473792507e-03 7.3098931333e-02
8.8182349400e-03 7.1670111659e-02
9.5470137348e-03 7.0333016401e-02
1.0145282569e-02 6.9359937239e-02
1.0646032799e-02 6.8562715663e-02
1.1109311577e-02 6.7770489658e-02
1.1565864410e-02 6.7035220416e-02
1.1703356410e-02 6.6713896406e-02
1.1760123826e-02 6.6386103517e-02
1.1403674520e-02 6.6753717384e-02
1.1426513521e-02 6.6510666357e-02
1.1251638326e-02 6.6666802111e-02
1.1119713799e-02 6.6793940213e-02
1.0975553145e-02 6.6879664519e-02
1.0876423277e-02 6.7023444906e-02
1.0431164462e-02 6.7659231773e-02
1.0304488413e-02 6.8095555722e-02
9.8608491369e-03 6.9071073474e-02
9.5246151842e-03 7.0134756934e-02
9.2974785648e-03 7.1178046812e-02
9.0455318254e-03 7.2599384699e-02
9.1448874540e-03 7.3642129851e-02
9.2990498250e-03 7.4838825848e-02
9.7687196282e-03 7.5791149254e-02
1.0180283226e-02 7.6751455238e-02
1.0437226455e-02 7.7924862944e-02
1.0434363129e-02 7.9266756324e-02
1.0135419167e-02 8.0905788711e-02
9.7499935736e-03 8.2398772786e-02
9.3389831737e-03 8.3770113482e-02
8.9163659025e-03 8.5021326692e-02
8.5342808712e-03 8.6033298002e-02
8.1606847637e-03 8.6862678250e-02
7.6718553528e-03 8.7865059974e-02
7.2602203000e-03 8.8542420470e-02
6.7188226087e-03 8.9353030175e-02
6.1098905853e-03 9.0359039207e-02
5.5577289138e-03 9.1193664712e-02
5.3237698593e-03 9.1792805291e-02
5.1383975195e-03 9.2240499409e-02
4.8982532703e-03 9.2818115368e-02
4.4137178572e-03 9.4003854615e-02
4.3268154797e-03 9.4478397276e-02
4.2616367436e-03 9.5061008764e-02
4.4024859946e-03 9.5379507227e-02
4.5090168985e-03 9.5708089251e-02
4.5469996654e-03 9.5806444914e-02
4.3502817212e-03 9.6085972714e-02
3.8795890809e-03 9.6529518858e-02
3.3809844607e-03 9.7071220717e-02
3.1812650053e-03 9.7000854624e-02
3.1765326065e-03 9.6831124578e-02
3.2586168376e-03 9.6576720558e-02
3.3540548967e-03 9.6271625984e-02
3.3262599542e-03 9.5921829096e-02
3.0712801893e-03 9.5997220518e-02
2.8987148932e-03 9.5804481321e-02
2.7613878431e-03 9.5584985052e-02
2.8467743965e-03 9.5164050408e-02
3.0038724275e-03 9.4584703560e-02
2.9828066520e-03 9.4460322164e-02
3.0206336084e-03 9.4077629190e-02
2.9124775324e-03 9.4139020377e-02
3.0148265865e-03 9.3861529588e-02
3.3294658926e-03 9.3416164980e-02
3.8413315168e-03 9.2785674795e-02
4.4341633529e-03 9.2129533664e-02
5.0965091827e-03 9.1434919527e-02
5.6993574725e-03 9.0637933653e-02
6.0844754912e-03 9.0290028261e-02
6.3998735683e-03 8.9875894659e-02
6.7680095302e-03 8.9221367472e-02
7.1138867339e-03 8.8509907646e-02
7.3792364082e-03 8.7738561165e-02
7.4923961844e-03 8.6988307898e-02
7.4134071594e-03 8.6328611037e-02
7.2007238141e-03 8.5743767892e-02
6.9075599742e-03 8.5145378306e-02
6.5469089875e-03 8.4677416404e-02
6.1688741275e-03 8.4218042433e-02
5.9505354243e-03 8.3704356985e-02
5.8408152739e-03 8.3220392509e-02
5.9391249134e-03 8.2613214214e-02
6.0067161536e-03 8.2388134192e-02
6.4522059537e-03 8.1784765768e-02
6.8822045981e-03 8.1434623723e-02
7.3539968444e-03 8.1155937664e-02
7.8812416295e-03 8.0910089713e-02
8.5606814099e-03 8.0393276495e-02
9.1577391978e-03 8.0119994774e-02
9.7501525325e-03 7.9766981239e-02
1.0349868598e-02 7.9275162736e-02
1.0828164240e-02 7.8891433180e-02
1.1041321402e-02 7.8596750203e-02
1.1233168784e-02 7.8136947297e-02
1.0986439938e-02 7.8160406145e-02
1.0936179439e-02 7.7715094766e-02
1.0897563724e-02 7.7309246599e-02
1.0916702490e-02 7.6728531985e-02
1.0893652463e-02 7.6442011099e-02
1.0994047744e-02 7.5966168392e-02
1.1118798202e-02 7.5585516872e-02
1.1339584407e-02 7.5071298926e-02
1.1469726562e-02 7.4852662628e-02
1.1663981819e-02 7.4474884538e-02
1.1801208622e-02 7.4259969947e-02
1.1956115290e-02 7.3980520567e-02
1.2142396294e-02 7.3651606990e-02
1.2275294704e-02 7.3460886986e-02
1.2469906344e-02 7.3088555676e-02
1.2642162965e-02 7.2760351475e-02
1.2789376267e-02 7.2357546678e-02
1.2811795440e-02 7.2200209030e-02
1.2839235279e-02 7.1936737691e-02
1.2895157964e-02 7.1682586804e-02
1.3025220304e-02 7.1292856885e-02
1.3202999295e-02 7.0806301701e-02
1.3227000120e-02 7.0757653843e-02
1.3374497754e-02 7.0404373560e-02
1.3561961654e-02 7.0100484238e-02
1.3862948276e-02 6.9787318442e-02
1.4363784139e-02 6.9144489995e-02
1.4868708255e-02 6.8614854770e-02
1.5318086243e-02 6.8034584363e-02
1.5614910467e-02 6.7677275811e-02
1.5774462356e-02 6.7553556905e-02
1.5966500129e-02 6.7300822202e-02
1.6164492163e-02 6.7126904776e-02
1.6399230702e-02 6.6886589131e-02
1.6694791116e-02 6.6434775200e-02
1.6836099843e-02 6.6330946038e-02
1.7016646967e-02 6.5960697295e-02
1.7164804484e-02 6.5706736240e-02
1.7417576807e-02 6.5208203754e-02
1.7631713666e-02 6.4746062769e-02
1.7694315868e-02 6.4793168436e-02
1.7865545172e-02 6.4386381031e-02
1.8107340090e-02 6.4138725060e-02
1.8405591631e-02 6.3680442826e-02
1.8590045044e-02 6.3543135877e-02
1.8749863690e-02 6.3254714848e-02
1.8744590964e-02 6.3361934271e-02
1.8833636649e-02 6.3280476068e-02
1.8927227139e-02 6.3395390864e-02
1.9087646483e-02 6.3516769610e-02
1.9512742470e-02 6.3293432981e-02
1.9994489232e-02 6.3237446679e-02
2.0549000885e-02 6.3024357163e-02
2.1070913934e-02 6.2728803176e-02
2.1328248830e-02 6.2862359487e-02
2.1397074478e-02 6.2984482479e-02
2.1258476673e-02 6.3427680459e-02
2.1145554806e-02 6.3633556929e-02
2.1087324722e-02 6.3839247406e-02
2.1113166657e-02 6.3829757172e-02
2.1068367555e-02 6.4095732907e-02
2.1072073051e-02 6.4246800901e-02
2.1086054329e-02 6.4579296553e-02
2.1256898296e-02 6.4729407817e-02
2.1498734588e-02 6.4982077549e-02
2.1922085394e-02 6.5029475620e-02
2.2372718153e-02 6.5153767193e-02
2.2831456032e-02 6.5179322123e-02
2.3153432080e-02 6.5554322180e-02
2.3447609594e-02 6.5811551759e-02
2.3658324424e-02 6.6165362451e-02
2.3778828880e-02 6.6786040512e-02
2.4063372645e-02 6.6946224472e-02
2.4322941393e-02 6.7278456148e-02
2.4644936830e-02 6.7352165503e-02
2.4820201886e-02 6.7701781020e-02
2.4998082109e-02 6.7882408981e-02
2.5077588137e-02 6.8382808801e-02
2.5316009889e-02 6.8645257465e-02
2.5656095509e-02 6.8796600719e-02
2.5894291990e-02 6.9230695883e-02
2.6131520210e-02 6.9504770514e-02
2.6092332082e-02 7.0567090965e-02
2.6393690023e-02 7.1026220391e-02
2.6811116684e-02 7.1497898218e-02
2.7438401914e-02 7.1381298266e-02
2.7530597990e-02 7.2414914151e-02
2.7816680069e-02 7.2553172782e-02
2.7734778268e-02 7.3443593708e-02
2.7627944959e-02 7.3574405858e-02
2.7118234935e-02 7.4761788610e-02
2.6873921905e-02 7.5013123280e-02
2.6389297670e-02 7.5897099419e-02
2.6183084259e-02 7.6222618318e-02
2.6071889316e-02 7.6474158503e-02
2.6007059370e-02 7.6518774546e-02
2.5749728788e-02 7.6919272242e-02
2.5394558706e-02 7.7254544161e-02
2.4892220825e-02 7.7918337236e-02
2.4582695076e-02 7.8120891230e-02
2.4231455304e-02 7.8708973226e-02
2.4214370291e-02 7.8527550014e-02
2.4071703196e-02 7.8981082213e-02
2.4282638977e-02 7.8713712317e-02
2.4528364931e-02 7.8623188251e-02
2.4902724242e-02 7.8342320409e-02
2.5263880088e-02 7.8034698726e-02
2.5503729911e-02 7.8019012891e-02
2.5749514631e-02 7.7956172509e-02
2.6095357835e-02 7.7672198162e-02
2.6468763173e-02 7.7350388330e-02
2.6797501038e-02 7.7155217118e-02
2.7202192428e-02 7.6674828192e-02
2.7511502896e-02 7.6589120916e-02
2.8099369812e-02 7.5755435261e-02
2.8527091388e-02 7.5394092913e-02
2.8955849482e-02 7.4814132053e-02
2.9212696637e-02 7.4358965008e-02
2.9307778559e-02 7.3990565632e-02
2.9337553725e-02 7.3408972507e-02
2.9293619608e-02 7.2699729329e-02
2.9173195778e-02 7.1948609822e-02
2.9025956728e-02 7.1320968324e-02
2.8824294524e-02 7.0435723188e-02
2.8562755925e-02 6.9820571853e-02
2.8168954131e-02 6.9360550475e-02
2.7797908936e-02 6.8869647714e-02
2.7396978113e-02 6.8098730030e-02
2.7101577489e-02 6.7750007428e-02
2.6857565439e-02 6.6692848603e-02
2.6793485475e-02 6.6146004003e-02
2.6559063376e-02 6.5528613183e-02
2.6465525621e-02 6.4975587990e-02
2.6462602840e-02 6.4416040840e-02
2.6667520465e-02 6.3515887463e-02
2.6860040844e-02 6.2936885645e-02
2.6968029693e-02 6.2342942734e-02
2.6969372914e-02 6.1867021475e-02
2.6964174649e-02 6.1578299669e-02
2.6769014754e-02 6.1464490562e-02
2.6710247391e-02 6.0896154879e-02
2.6475992653e-02 6.0700000411e-02
2.6318462836e-02 6.0375688814e-02
2.6365135138e-02 5.9670668791e-02
2.6364503260e-02 5.9175400169e-02
2.6514805739e-02 5.8675889884e-02
2.6550986466e-02 5.8332209294e-02
2.6715972641e-02 5.8118012918e-02
2.7053336570e-02 5.7537964918e-02
2.7364373979e-02 5.7176744952e-02
2.7738357681e-02 5.6458938760e-02
2.7951977387e-02 5.5984410144e-02
2.8077727812e-02 5.5451169869e-02
2.8329100160e-02 5.4723199560e-02
2.8476005925e-02 5.4077460935e-02
2.8657266503e-02 5.3534766703e-02
2.8945205497e-02 5.2802563904e-02
2.9154631005e-02 5.2223678987e-02
2.9380266090e-02 5.1691495209e-02
2.9463880930e-02 5.1344697690e-02
2.9471308773e-02 5.1126873253e-02
2.9376009662e-02 5.1131054879e-02
2.9306685058e-02 5.1226528922e-02
2.9316035859e-02 5.1208444164e-02
2.9306075673e-02 5.1259156508e-02
2.9224593818e-02 5.1420241649e-02
2.9057288893e-02 5.1635762295e-02
2.8803717222e-02 5.1849696835e-02
2.8349299765e-02 5.2358357477e-02
2.7929212201e-02 5.2676328374e-02
2.7446911775e-02 5.3098076373e-02
2.7068922637e-02 5.3347425056e-02
2.6664436387e-02 5.3672044608e-02
2.6266087907e-02 5.3913363814e-02
2.5780233930e-02 5.4394614399e-02
2.5296619495e-02 5.4861142027e-02
2.4883977860e-02 5.5317824767e-02
2.4480758253e-02 5.5780246704e-02
2.4120898316e-02 5.6256100505e-02
2.3740503438e-02 5.6813722622e-02
2.3490876468e-02 5.7272072958e-02
2.3222909000e-02 5.7747051250e-02
2.2936067594e-02 5.8342940896e-02
2.2659747591e-02 5.8930215856e-02
2.2464720113e-02 5.9343213640e-02
2.2290714159e-02 5.9726076813e-02
2.2157846923e-02 5.9963353759e-02
2.2048898180e-02 6.0130520082e-02
2.1868502267e-02 6.0350669096e-02
2.1684625984e-02 6.0495102957e-02
2.1441606058e-02 6.0742679206e-02
2.1071930734e-02 6.1214400568e-02
2.0820779722e-02 6.1429421041e-02
2.0579517015e-02 6.1768171170e-02
2.0459478116e-02 6.1960752932e-02
2.0491467962e-02 6.2034337605e-02
2.0542858175e-02 6.2139142621e-02
2.0642877277e-02 6.2280080757e-02
2.0674365098e-02 6.2446499028e-02
2.0561800623e-02 6.2987962795e-02
2.0438519313e-02 6.3358621026e-02
2.0260076591e-02 6.3947299221e-02
2.0303745543e-02 6.4134764765e-02
2.0394171814e-02 6.4334436593e-02
2.0442862875e-02 6.4537420129e-02
2.0408791921e-02 6.4671185744e-02
2.0067333052e-02 6.5446315983e-02
1.9814922120e-02 6.5879530328e-02
1.9612703255e-02 6.6283014502e-02
1.9552772535e-02 6.6570071653e-02
1.9556922067e-02 6.6695649860e-02
1.9617119029e-02 6.6880269529e-02
1.9601726463e-02 6.7037207771e-02
1.9545943466e-02 6.7296433128e-02
1.9445403481e-02 6.7548201382e-02
1.9244551894e-02 6.8002700661e-02
1.9011092606e-02 6.8422408994e-02
1.8731792912e-02 6.9005765753e-02
1.8543269066e-02 6.9484054797e-02
1.8454880420e-02 6.9855974851e-02
1.8340815986e-02 7.0435983933e-02
1.8368951839e-02 7.0836345535e-02
1.8493293950e-02 7.1176516276e-02
1.8692631587e-02 7.1511503689e-02
1.9021291075e-02 7.1605778664e-02
1.9279322354e-02 7.1944372153e-02
1.9644788741e-02 7.1896531477e-02
1.9795912484e-02 7.2247283022e-02
1.9847291324e-02 7.2595748441e-02
1.9853883211e-02 7.2846712986e-02
1.9772800544e-02 7.3343557409e-02
1.9842022903e-02 7.3516392219e-02
2.0019750965e-02 7.3565306210e-02
2.0313705023e-02 7.3433396291e-02
2.0549304455e-02 7.3547259012e-02
2.0814126176e-02 7.3416697247e-02
2.1018033147e-02 7.3507719597e-02
2.1276523811e-02 7.3504463236e-02
2.1571139421e-02 7.3357528964e-02
2.1778377329e-02 7.3353070402e-02
2.1896128035e-02 7.3410423342e-02
2.1940153848e-02 7.3444700742e-02
2.1916856933e-02 7.3593096627e-02
2.1901880314e-02 7.3727258560e-02
2.2046353123e-02 7.3540762824e-02
2.2171846878e-02 7.3599051639e-02
2.2504424330e-02 7.3182381468e-02
2.2681505401e-02 7.3269428811e-02
2.3039788649e-02 7.2727833158e-02
2.3153777815e-02 7.2836141471e-02
2.3336747537e-02 7.2611332216e-02
2.3450539537e-02 7.2575385329e-02
2.3677458830e-02 7.2283693697e-02
2.3851653915e-02 7.2110867664e-02
2.4023942558e-02 7.1930007510e-02
2.4175657758e-02 7.1730982590e-02
2.4343469949e-02 7.1413544015e-02
2.4445731563e-02 7.1209303135e-02
2.4490006178e-02 7.1036491847e-02
2.4517129339e-02 7.0714231790e-02
2.4411341458e-02 7.0622696050e-02
2.4283433060e-02 7.0533782305e-02
2.4201376874e-02 7.0480278465e-02
2.4318545911e-02 7.0120250016e-02
2.4592288366e-02 6.9445410767e-02
2.4631777981e-02 6.9362914985e-02
2.4704420514e-02 6.9057867118e-02
2.4716317881e-02 6.8689480881e-02
2.4612390679e-02 6.8606521876e-02
2.4539065209e-02 6.8450654288e-02
2.4576591445e-02 6.7918541140e-02
2.4528191037e-02 6.7704990574e-02
2.4536017320e-02 6.7373084696e-02
2.4618262243e-02 6.6871816667e-02
2.4664888694e-02 6.6464439306e-02
2.4675983689e-02 6.6115264643e-02
2.4603274926e-02 6.5938874538e-02
2.4596624338e-02 6.5670321198e-02
2.4656174569e-02 6.5378797075e-02
2.4838096940e-02 6.4903671661e-02
2.4962921263e-02 6.4711634687e-02
2.5155236206e-02 6.4357196346e-02
2.5391550370e-02 6.4027932568e-02
2.5639541382e-02 6.3528315964e-02
2.5761656440e-02 6.3436521770e-02
2.5966836862e-02 6.2957624499e-02
2.6107773127e-02 6.2807101126e-02
2.6434469496e-02 6.2181097123e-02
2.6701901635e-02 6.1859788453e-02
2.6990538806e-02 6.1403767689e-02
2.7232767461e-02 6.1040052907e-02
2.7419600158e-02 6.0668400665e-02
2.7512926931e-02 6.0515977564e-02
2.7670783957e-02 6.0198947941e-02
2.7851820590e-02 5.9879276829e-02
2.8036319035e-02 5.9605418828e-02
2.8263584940e-02 5.9074859416e-02
2.8234688453e-02 5.9194537671e-02
2.8360784958e-02 5.8840543654e-02
2.8411931049e-02 5.8715836395e-02
2.8501698833e-02 5.8513223031e-02
2.8576669121e-02 5.8422696381e-02
2.8625629876e-02 5.8498494468e-02
2.8813954701e-02 5.8172457228e-02
2.8794221325e-02 5.8462356907e-02
2.8840925128e-02 5.8517980036e-02
2.8820048479e-02 5.8853634752e-02
2.8953609881e-02 5.8828225749e-02
2.9011401654e-02 5.9130040271e-02
2.9115983520e-02 5.9181433168e-02
2.9063962508e-02 5.9569713698e-02
2.9042818634e-02 5.9675360563e-02
2.8791052490e-02 6.0330885993e-02
2.8650018709e-02 6.0505880771e-02
2.8400911402e-02 6.0780988140e-02
2.7955523710e-02 6.1389947051e-02
2.7481435742e-02 6.1932313581e-02
2.7060657895e-02 6.2346671298e-02
2.6736452606e-02 6.2596375443e-02
2.6378292098e-02 6.3044313200e-02
2.6088501726e-02 6.3355075893e-02
2.5796556310e-02 6.3786653383e-02
2.5564391498e-02 6.4191781875e-02
2.5366364535e-02 6.4621720413e-02
2.5163078807e-02 6.5207645959e-02
2.4996311609e-02 6.5718704834e-02
2.4778077445e-02 6.6471115801e-02
2.4626712535e-02 6.7046944737e-02
2.4437954538e-02 6.7823681669e-02
2.4315459611e-02 6.8453247508e-02
2.4243103406e-02 6.9170145084e-02
2.4312626150e-02 6.9616527532e-02
2.4431045686e-02 6.9983527327e-02
2.4453947590e-02 7.0532372620e-02
2.4389625373e-02 7.1024381094e-02
2.4081016453e-02 7.1923693522e-02
2.3885840700e-02 7.2431062814e-02
2.3571361285e-02 7.3320901689e-02
2.3473042546e-02 7.3721481295e-02
2.3447966513e-02 7.4118983733e-02
2.3504326204e-02 7.4410956646e-02
2.3649343303e-02 7.4505484149e-02
2.3766463748e-02 7.4630466919e-02
2.3889135365e-02 7.4658927363e-02
2.3958294686e-02 7.4656939143e-02
2.4015843181e-02 7.4506898883e-02
2.3913317944e-02 7.4711954638e-02
2.3937774877e-02 7.4357632509e-02
2.3869627248e-02 7.4211830591e-02
2.3754140440e-02 7.4088954722e-02
2.3632870936e-02 7.4069321526e-02
2.3733660926e-02 7.3607505421e-02
2.3905474294e-02 7.3345444324e-02
2.4268930249e-02 7.2793384764e-02
2.4674671505e-02 7.2331812382e-02
2.5117744907e-02 7.1825999889e-02
2.5550239555e-02 7.1392984538e-02
2.5961263808e-02 7.1023419647e-02
2.6408150514e-02 7.0511623108e-02
2.6816970156e-02 6.9992326632e-02
2.7099538813e-02 6.9594194876e-02
2.7282481033e-02 6.9156696791e-02
2.7347048039e-02 6.8778217042e-02
2.7370255929e-02 6.8384699529e-02
2.7431583938e-02 6.7870062007e-02
2.7584257716e-02 6.7049484384e-02
2.7672666619e-02 6.6223191889e-02
2.7595168173e-02 6.5420174971e-02
2.7291233229e-02 6.4724375090e-02
2.6800905719e-02 6.4198608969e-02
2.6330896775e-02 6.3556523062e-02
2.6035461203e-02 6.2574120371e-02
2.5762529821e-02 6.1661444125e-02
2.5502061579e-02 6.0613597971e-02
2.5100374769e-02 5.9789136533e-02
2.4558018949e-02 5.9221415471e-02
2.4062287475e-02 5.8615961059e-02
2.3718995287e-02 5.7746212918e-02
2.3379843995e-02 5.7125686432e-02
2.3146391364e-02 5.6406164337e-02
2.3006635052e-02 5.5744721217e-02
2.3029393169e-02 5.4920029169e-02
2.3052257732e-02 5.4351999403e-02
2.3220801534e-02 5.3619339232e-02
2.3327004174e-02 5.3078676740e-02
2.3399966902e-02 5.2610060873e-02
2.3495169921e-02 5.2030772307e-02
2.3477147634e-02 5.1605116946e-02
2.3457606829e-02 5.1205195013e-02
2.3515181894e-02 5.0653578238e-02
2.3635805744e-02 5.0066863518e-02
2.3789661344e-02 4.9452773990e-02
2.3957047996e-02 4.8928017580e-02
2.4162438660e-02 4.8368433652e-02
2.4365389910e-02 4.7905248968e-02
2.4559904687e-02 4.7565965892e-02
2.4821577816e-02 4.7130991807e-02
2.5052441656e-02 4.6842854942e-02
2.5290098288e-02 4.6456960007e-02
2.5370587236e-02 4.6392679967e-02
2.5423836400e-02 4.6348582690e-02
2.5446050889e-02 4.6374009651e-02
2.5393255366e-02 4.6607141107e-02
2.5396492772e-02 4.6847389251e-02
2.5413398351e-02 4.7156133739e-02
2.5448666834e-02 4.7547172336e-02
2.5404974014e-02 4.8079646687e-02
2.5364280492e-02 4.8672287774e-02
2.5321140052e-02 4.9335266225e-02
2.5240680379e-02 5.0055949453e-02
2.5156384421e-02 5.0811517233e-02
2.4982281586e-02 5.1766750513e-02
2.4859853708e-02 5.2570806661e-02
2.4629018558e-02 5.3559341820e-02
2.4364101490e-02 5.4545143618e-02
2.4035029668e-02 5.5615642330e-02
2.3704917584e-02 5.6649048930e-02
2.3295871123e-02 5.7777403325e-02
2.2836582883e-02 5.9018755444e-02
2.2383712006e-02 6.0204438830e-02
2.1862423720e-02 6.1564252478e-02
2.1360870558e-02 6.2873170851e-02
2.0909332793e-02 6.4176604232e-02
2.0595708920e-02 6.5372282235e-02
2.0389931178e-02 6.6413490496e-02
2.0540017373e-02 6.6762070884e-02
2.0484943801e-02 6.7250322699e-02
2.0147353414e-02 6.8319349621e-02
1.9886106838e-02 6.8779401967e-02
1.9355841813e-02 7.0183997900e-02
1.9389237752e-02 7.0566553813e-02
1.9380984602e-02 7.1273017184e-02
1.9390908879e-02 7.2096948751e-02
1.9662321461e-02 7.2432923793e-02
1.9949617057e-02 7.2810037402e-02
2.0267672732e-02 7.3203675209e-02
2.0564178474e-02 7.3537288802e-02
2.0770837351e-02 7.4101776666e-02
2.0910998991e-02 7.4686894860e-02
2.0873212968e-02 7.5564488146e-02
2.0997242741e-02 7.5688804042e-02
2.0613811431e-02 7.6966751335e-02
2.0346610224e-02 7.7647540799e-02
2.0111535239e-02 7.8183542622e-02
1.9945926394e-02 7.8475486065e-02
1.9568674374e-02 7.9216496747e-02
1.9409718132e-02 7.9013999083e-02
1.8923377411e-02 7.9432575017e-02
1.8356413842e-02 7.9770299555e-02
1.7780581314e-02 7.9814332405e-02
1.7092517366e-02 7.9889671720e-02
1.6148475785e-02 8.0629387762e-02
1.5498921250e-02 8.0762123075e-02
1.5027726219e-02 8.0830874452e-02
1.4830355948e-02 8.0695584593e-02
1.4748490909e-02 8.0655727918e-02
1.4727973070e-02 8.0465349784e-02
1.4631085224e-02 8.0464220086e-02
1.4357893241e-02 8.0832857223e-02
1.4157940150e-02 8.0909825623e-02
1.3903154135e-02 8.1141962289e-02
1.3646597071e-02 8.1355612944e-02
1.3463432876e-02 8.1392345153e-02
1.3324961786e-02 8.1225415860e-02
1.3060611697e-02 8.1218063129e-02
1.2775380325e-02 8.1072130125e-02
1.2395458270e-02 8.1012499909e-02
1.2097626919e-02 8.0811351327e-02
1.1947408631e-02 8.0344034178e-02
1.1861306000e-02 7.9903134253e-02
1.1851967625e-02 7.9431735720e-02
1.1953716278e-02 7.8759682502e-02
1.2035176495e-02 7.8305336948e-02
1.2189894858e-02 7.7710472688e-02
1.2337876950e-02 7.7258912766e-02
1.2507628201e-02 7.6710411469e-02
1.2631393812e-02 7.6347082920e-02
1.2713521386e-02 7.6011473481e-02
1.2734566525e-02 7.5827823790e-02
1.2781205167e-02 7.5613542625e-02
1.2823919703e-02 7.5391692518e-02
1.2803144981e-02 7.5363085107e-02
1.2798074447e-02 7.5181820005e-02
1.2651430897e-02 7.5349769686e-02
1.2569247087e-02 7.5191974900e-02
1.2337448924e-02 7.5496091786e-02
1.2187509797e-02 7.5522091783e-02
1.2080471495e-02 7.5505611204e-02
1.1975425765e-02 7.5478314177e-02
1.1736075482e-02 7.5711416230e-02
1.1557370123e-02 7.5657111359e-02
1.1224815928e-02 7.5857812602e-02
1.0808746537e-02 7.5994207195e-02
1.0286964774e-02 7.6367398479e-02
9.8481980941e-03 7.6399429312e-02
9.3515426614e-03 7.6684133069e-02
8.9829052403e-03 7.6703975161e-02
8.6288446398e-03 7.6876245809e-02
8.3904763345e-03 7.6881868759e-02
8.1673557195e-03 7.6985744560e-02
8.0334575811e-03 7.6997700516e-02
7.8698140766e-03 7.7237479148e-02
7.8565353862e-03 7.7225989768e-02
7.8525011538e-03 7.7395858588e-02
7.9516825248e-03 7.7443179877e-02
8.0529741928e-03 7.7548807640e-02
8.2164023938e-03 7.7508905273e-02
8.3403511659e-03 7.7553876132e-02
8.4468004466e-03 7.7614020449e-02
8.6536110392e-03 7.7392226659e-02
8.9103815391e-03 7.7186168476e-02
9.2565440476e-03 7.6688687703e-02
9.5179103129e-03 7.6273533880e-02
9.6813937250e-03 7.5798947164e-02
9.5529359360e-03 7.5647027515e-02
9.3626991127e-03 7.5546153664e-02
9.2398218902e-03 7.5232742082e-02
9.2322150630e-03 7.4879342485e-02
9.3217993708e-03 7.4411886532e-02
9.5033159128e-03 7.3923881492e-02
9.8595562808e-03 7.3284748211e-02
1.0236784462e-02 7.2689486194e-02
1.0664611115e-02 7.2090910087e-02
1.1189758412e-02 7.1356602850e-02
1.1692737484e-02 7.0659395367e-02
1.2113073192e-02 7.0010810723e-02
1.2424530974e-02 6.9311270575e-02
1.2504556706e-02 6.8861668601e-02
1.2442883023e-02 6.8386047672e-02
1.2358673840e-02 6.7943237952e-02
1.2296945850e-02 6.7391565928e-02
1.2485237320e-02 6.6456853576e-02
1.2682751432e-02 6.5635453271e-02
1.2932577548e-02 6.4750487792e-02
1.3154701647e-02 6.3957845807e-02
1.3368817346e-02 6.3152837597e-02
1.3539998633e-02 6.2493876226e-02
1.3696965063e-02 6.1873010481e-02
1.3915773361e-02 6.1179173661e-02
1.4151173695e-02 6.0599379658e-02
1.4410263322e-02 5.9991035539e-02
1.4716206822e-02 5.9367086311e-02
1.5027113447e-02 5.8755724268e-02
1.5301608186e-02 5.8285586093e-02
1.5546373538e-02 5.7885755107e-02
1.5763454185e-02 5.7542064063e-02
1.6012637462e-02 5.7251960352e-02
1.6222176004e-02 5.7062006003e-02
1.6461927797e-02 5.6829121347e-02
1.6599923021e-02 5.6754534320e-02
1.6626607855e-02 5.6868572958e-02
1.6599858059e-02 5.7096592732e-02
1.6538374893e-02 5.7376741308e-02
1.6414336509e-02 5.7928387959e-02
1.6306973422e-02 5.8439029604e-02
1.6118730908e-02 5.9196607522e-02
1.5841672424e-02 6.0089797033e-02
1.5476530939e-02 6.1188345714e-02
1.5049212457e-02 6.2411413157e-02
1.4546295565e-02 6.3798690771e-02
1.4033145368e-02 6.5295237212e-02
1.3493001561e-02 6.6913686052e-02
1.2940219076e-02 6.8702895645e-02
1.2522970360e-02 7.0294669541e-02
1.2058554372e-02 7.2115697372e-02
1.1640647109e-02 7.3913214834e-02
1.1235162108e-02 7.5758607255e-02
1.0852459176e-02 7.7623559607e-02
1.0488545451e-02 7.9522326430e-02
1.0153430080e-02 8.1430090938e-02
9.8549058951e-03 8.3389133409e-02
9.6650678951e-03 8.5216110777e-02
9.5858452827e-03 8.7010734567e-02
9.6684149652e-03 8.8695044713e-02
9.9055579425e-03 9.0184763054e-02
1.0233420028e-02 9.1668778900e-02
1.0634263572e-02 9.3165503258e-02
1.1193936966e-02 9.4380992944e-02
1.1765757403e-02 9.5804580174e-02
1.2541002980e-02 9.6845091793e-02
1.3352696223e-02 9.7986140239e-02
1.4228977929e-02 9.9071039173e-02
1.5205920686e-02 9.9953603996e-02
1.6159230122e-02 1.0099829148e-01
1.7193398702e-02 1.0191692314e-01
1.8304021793e-02 1.0273280185e-01
1.9409589076e-02 1.0358671367e-01
2.0510787804e-02 1.0433229900e-01
2.1491525861e-02 1.0527117922e-01
2.2457585465e-02 1.0619454333e-01
2.3538662871e-02 1.0684211306e-01
2.4684974521e-02 1.0724417716e-01
2.5709762682e-02 1.0757914069e-01
2.6450861147e-02 1.0797213777e-01
2.6848364385e-02 1.0859782736e-01
2.7185372243e-02 1.0884505061e-01
2.7518103184e-02 1.0877629004e-01
2.7832808746e-02 1.0842204307e-01
2.8011622386e-02 1.0795735232e-01
2.7982245271e-02 1.0737208481e-01
2.7682229496e-02 1.0677406739e-01
2.7103547227e-02 1.0630511763e-01
2.6397334473e-02 1.0578947860e-01
2.5696306710e-02 1.0521459764e-01
2.5159754935e-02 1.0436304803e-01
2.4755851653e-02 1.0346470044e-01
2.4454901825e-02 1.0257804075e-01
2.4300427767e-02 1.0162042943e-01
2.4211786154e-02 1.0069978645e-01
2.4148216666e-02 9.9779265925e-02
2.3956942201e-02 9.9230774775e-02
2.3713406381e-02 9.8677540556e-02
2.3392029495e-02 9.8277151609e-02
2.3084597298e-02 9.7839211674e-02
2.2851206657e-02 9.7382447082e-02
2.2876060722e-02 9.6524003969e-02
2.3106037981e-02 9.5406884305e-02
2.3521774060e-02 9.3821271265e-02
2.3802258233e-02 9.2268148437e-02
2.3689872644e-02 9.1126273494e-02
2.3375895661e-02 8.9767238695e-02
2.2777215101e-02 8.8648835075e-02
2.2023126006e-02 8.7893226214e-02
2.1604931193e-02 8.6543542821e-02
2.1549687841e-02 8.4772661274e-02
2.1586874693e-02 8.3293007076e-02
2.1792492087e-02 8.1504034467e-02
2.1849605547e-02 8.0121728405e-02
2.1723926178e-02 7.9216169650e-02
2.1648187241e-02 7.8331926166e-02
2.1684536051e-02 7.7511779037e-02
2.1757333694e-02 7.6927130259e-02
2.1980996849e-02 7.6250679587e-02
2.2157273349e-02 7.5845049562e-02
2.2368218170e-02 7.5393663826e-02
2.2463028958e-02 7.5295465535e-02
2.2597564241e-02 7.5102952463e-02
2.2720636898e-02 7.5014273410e-02
2.2815645611e-02 7.5095880806e-02
2.2971582833e-02 7.5120767247e-02
2.3166931638e-02 7.5193137799e-02
2.3431080766e-02 7.5223952126e-02
2.3718071916e-02 7.5341872137e-02
2.4067368978e-02 7.5418238357e-02
2.4456011374e-02 7.5534956481e-02
2.4892037384e-02 7.5647855708e-02
2.5321274248e-02 7.5853539869e-02
2.5743546163e-02 7.6152484578e-02
2.6182574964e-02 7.6482670156e-02
2.6585969183e-02 7.6925895381e-02
2.6947176948e-02 7.7465769699e-02
2.7217179354e-02 7.8203451337e-02
2.7410746411e-02 7.9058043500e-02
2.7526040642e-02 8.0058434845e-02
2.7565641541e-02 8.1184159979e-02
2.7557208067e-02 8.2382201095e-02
2.7496439085e-02 8.3679887508e-02
2.7442483205e-02 8.4937447759e-02
2.7365442911e-02 8.6190380715e-02
2.7270281104e-02 8.7309593204e-02
2.6980494685e-02 8.8635951204e-02
2.6513540587e-02 8.9953068182e-02
2.5785845025e-02 9.1370781160e-02
2.4772088713e-02 9.2958332388e-02
2.3481988019e-02 9.4771373692e-02
2.2102704003e-02 9.6440967132e-02
2.0655259130e-02 9.8165513079e-02
1.9236778275e-02 9.9916317211e-02
1.8017309174e-02 1.0132365614e-01
1.6904291970e-02 1.0265213957e-01
1.5790405124e-02 1.0410221084e-01
1.4731167385e-02 1.0538115801e-01
1.3620189604e-02 1.0675744755e-01
1.2465059760e-02 1.0820113034e-01
1.1325787415e-02 1.0956846701e-01
1.0278563278e-02 1.1057766521e-01
9.0722916982e-03 1.1199164311e-01
7.9745580739e-03 1.1317000240e-01
7.1118126634e-03 1.1395698896e-01
6.4336162037e-03 1.1458214020e-01
5.8977513685e-03 1.1511412587e-01
5.5409019110e-03 1.1544125501e-01
5.3103410013e-03 1.1560019837e-01
5.1562735900e-03 1.1570709164e-01
5.0629309848e-03 1.1574790942e-01
5.0356051546e-03 1.1566553705e-01
5.0140889783e-03 1.1554763972e-01
4.9947250272e-03 1.1551365763e-01
5.0856427193e-03 1.1529107069e-01
5.2951519733e-03 1.1491469236e-01
5.5665404940e-03 1.1445707997e-01
5.7728003093e-03 1.1416685881e-01
5.9970253457e-03 1.1370056861e-01
6.1028021989e-03 1.1338212685e-01
6.0675391895e-03 1.1324955046e-01
5.9791850584e-03 1.1312434670e-01
5.8754412352e-03 1.1299329469e-01
5.8037432867e-03 1.1282471383e-01
5.7841995485e-03 1.1269957086e-01
5.9181338801e-03 1.1234061871e-01
6.1769643664e-03 1.1191255280e-01
6.4894110979e-03 1.1128696916e-01
6.5342016239e-03 1.1094532631e-01
6.2268447972e-03 1.1067284997e-01
5.3440984384e-03 1.1119706485e-01
4.2742051181e-03 1.1179316156e-01
3.4109187351e-03 1.1207289842e-01
2.8405882647e-03 1.1216268977e-01
2.5735480333e-03 1.1195680272e-01
2.3551789012e-03 1.1187117826e-01
2.0700839360e-03 1.1200860060e-01
1.6464893812e-03 1.1237148324e-01
1.1672550080e-03 1.1288396814e-01
6.7764745649e-04 1.1345658836e-01
1.6142358595e-04 1.1416256295e-01
-3.2643741558e-04 1.1480198156e-01
-8.2239273879e-04 1.1546448447e-01
-1.3818156123e-03 1.1614426093e-01
-2.0076476068e-03 1.1692112956e-01
-2.6500027429e-03 1.1764063159e-01
-3.2565007037e-03 1.1828251379e-01
-3.8194131763e-03 1.1890138542e-01
-4.3509937908e-03 1.1951248519e-01
-4.7480066268e-03 1.1988552065e-01
-5.1900289054e-03 1.2055115089e-01
-5.5181687256e-03 1.2102398647e-01
-5.8099934822e-03 1.2154706116e-01
-6.0155549259e-03 1.2199368663e-01
-6.2199399844e-03 1.2248044499e-01
-6.4687293626e-03 1.2315467809e-01
-6.6317777758e-03 1.2360815605e-01
-6.7932731393e-03 1.2413232177e-01
-6.9573114167e-03 1.2474756076e-01
-7.0464452294e-03 1.2519239321e-01
-7.1505550800e-03 1.2573114295e-01
-7.2359493770e-03 1.2618909580e-01
-7.3594818011e-03 1.2666639126e-01
-7.5778349375e-03 1.2732923722e-01
-7.7504745690e-03 1.2779659957e-01
-7.9637913699e-03 1.2836662939e-01
-8.1745488965e-03 1.2891512440e-01
-8.3235300783e-03 1.2928029978e-01
-8.5841571646e-03 1.2995796121e-01
-8.7167199304e-03 1.3028282107e-01
-8.8833079037e-03 1.3077711499e-01
-8.9816677554e-03 1.3118200613e-01
-8.9583212204e-03 1.3137160018e-01
-8.9558268777e-03 1.3173789469e-01
-8.8568218362e-03 1.3185978525e-01
-8.7914938743e-03 1.3203418531e-01
-8.8304874891e-03 1.3244662103e-01
-8.8055348933e-03 1.3264006669e-01
-8.7977739859e-03 1.3289052579e-01
-8.7414956158e-03 1.3308933819e-01
-8.6844359795e-03 1.3331606122e-01
-8.5342905894e-03 1.3330501757e-01
-8.4994871588e-03 1.3349041060e-01
-8.5062113752e-03 1.3367081971e-01
-8.5851165827e-03 1.3390971642e-01
-8.6486693996e-03 1.3408562865e-01
-8.6841668065e-03 1.3420401763e-01
-8.6964903084e-03 1.3427989917e-01
-8.7281172194e-03 1.3436433960e-01
-8.7699697008e-03 1.3440664336e-01
-8.8671474817e-03 1.3450201719e-01
-8.9346426080e-03 1.3442888416e-01
-9.0337189773e-03 1.3437283042e-01
-9.1513131015e-03 1.3429772775e-01
-9.2176224970e-03 1.3396136395e-01
-9.4108797662e-03 1.3381853385e-01
-9.6621492488e-03 1.3365189292e-01
-9.9860660535e-03 1.3354315418e-01
-1.0286188140e-02 1.3337867469e-01
-1.0537014948e-02 1.3326905395e-01
-1.0560488744e-02 1.3278589920e-01
-1.0539370473e-02 1.3250577253e-01
-1.0333685973e-02 1.3193786690e-01
-1.0149249375e-02 1.3153928131e-01
-9.9435872666e-03 1.3124960330e-01
-9.6658578080e-03 1.3092453129e-01
-9.2618481244e-03 1.3047731782e-01
-8.7880471208e-03 1.3008686295e-01
-8.2113690051e-03 1.2954935509e-01
-7.5666938828e-03 1.2893770307e-01
-6.8974410235e-03 1.2826340209e-01
-6.2872452330e-03 1.2756974541e-01
-5.8021353976e-03 1.2706595687e-01
-5.3210731799e-03 1.2638310927e-01
-4.9322799477e-03 1.2582881588e-01
-4.5246340521e-03 1.2515544221e-01
-4.0808221603e-03 1.2442943635e-01
-3.5983452430e-03 1.2365163386e-01
-3.0920756550e-03 1.2287991426e-01
-2.5796738565e-03 1.2217241492e-01
-2.0446829111e-03 1.2146100221e-01
-1.4964429200e-03 1.2077391236e-01
-9.4306030652e-04 1.2011596270e-01
-3.3763005637e-04 1.1932892624e-01
2.2422284728e-04 1.1861744158e-01
7.1725459401e-04 1.1802754130e-01
1.2418685211e-03 1.1733519912e-01
1.6946572203e-03 1.1676269599e-01
2.1002459787e-03 1.1621148037e-01
2.4802723986e-03 1.1573746111e-01
2.8363374359e-03 1.1530424237e-01
3.1374841370e-03 1.1503931057e-01
3.4486411378e-03 1.1484284727e-01
3.8537201828e-03 1.1463249664e-01
4.3710597303e-03 1.1422060326e-01
4.9858153340e-03 1.1358746164e-01
5.6262697846e-03 1.1284412413e-01
6.2847684694e-03 1.1196613652e-01
6.5895613538e-03 1.1188273123e-01
7.1771174623e-03 1.1105524728e-01
7.4785058678e-03 1.1107571251e-01
7.9258332414e-03 1.1067875948e-01
8.3569776982e-03 1.1032301662e-01
8.8926185455e-03 1.0964191258e-01
9.4262401707e-03 1.0900805728e-01
1.0011222462e-02 1.0822394395e-01
1.0603827938e-02 1.0741259137e-01
1.1126432304e-02 1.0677635066e-01
1.1663092452e-02 1.0603922975e-01
1.2127318769e-02 1.0543677192e-01
1.2556372953e-02 1.0492040510e-01
1.3035444462e-02 1.0424642247e-01
1.3463972151e-02 1.0367252430e-01
1.3897376743e-02 1.0307514903e-01
1.4338645125e-02 1.0246541924e-01
1.4792604385e-02 1.0184650969e-01
1.5257210378e-02 1.0128914999e-01
1.5734786383e-02 1.0080412327e-01
1.6248859264e-02 1.0032555219e-01
1.6745866092e-02 9.9980741886e-02
1.7297984986e-02 9.9681437157e-02
1.7864801100e-02 9.9381190233e-02
1.8441964422e-02 9.9211899135e-02
1.9036643846e-02 9.8961936181e-02
1.9495489616e-02 9.8955518526e-02
1.9841745003e-02 9.9052898490e-02
2.0083964082e-02 9.9271497020e-02
2.0205126727e-02 9.9629288427e-02
2.0278487588e-02 9.9980084434e-02
2.0268574527e-02 1.0044355384e-01
2.0185950158e-02 1.0096664848e-01
2.0012299077e-02 1.0161371004e-01
1.9769789135e-02 1.0232622318e-01
1.9479392737e-02 1.0308654835e-01
1.9039525217e-02 1.0403053073e-01
1.8433987239e-02 1.0512091863e-01
1.7648304356e-02 1.0650595718e-01
1.6818254977e-02 1.0781164716e-01
1.5891774807e-02 1.0938247843e-01
1.4981091957e-02 1.1085873053e-01
1.4025070291e-02 1.1256705219e-01
1.3087976775e-02 1.1429209894e-01
1.2149655797e-02 1.1619115756e-01
1.1326451945e-02 1.1803226927e-01
1.0548998455e-02 1.2006230977e-01
9.8718357547e-03 1.2205173463e-01
9.3043872337e-03 1.2410674823e-01
8.8764664791e-03 1.2616166187e-01
8.6096134289e-03 1.2817337353e-01
8.4802745437e-03 1.3019633524e-01
8.4545784023e-03 1.3214681218e-01
8.4136571090e-03 1.3419378121e-01
8.3962703509e-03 1.3626586987e-01
8.4032845043e-03 1.3832480794e-01
8.5254348711e-03 1.4011553743e-01
8.6749375162e-03 1.4196724695e-01
8.9296776068e-03 1.4364721438e-01
9.2149365942e-03 1.4525115316e-01
9.5888287854e-03 1.4681448626e-01
1.0034205664e-02 1.4811003226e-01
1.0494671137e-02 1.4934749383e-01
1.0999574291e-02 1.5033965877e-01
1.1422593628e-02 1.5132754985e-01
1.1861891636e-02 1.5203674084e-01
1.2254560515e-02 1.5266763488e-01
1.2687004022e-02 1.5304716542e-01
1.3100669172e-02 1.5336984822e-01
1.3591045404e-02 1.5342671810e-01
1.4107664419e-02 1.5340952966e-01
1.4741746638e-02 1.5311364835e-01
1.5415174732e-02 1.5273642639e-01
1.6213943215e-02 1.5211210842e-01
1.7066539659e-02 1.5138223215e-01
1.7942356721e-02 1.5052684251e-01
1.8776549813e-02 1.4960976311e-01
1.9432504127e-02 1.4881770702e-01
1.9968552225e-02 1.4800062582e-01
2.0328719209e-02 1.4726809109e-01
2.0613305734e-02 1.4645433153e-01
2.0803504489e-02 1.4556743348e-01
2.0895579021e-02 1.4461815536e-01
2.0813590972e-02 1.4377945665e-01
2.0662581073e-02 1.4269761718e-01
2.0376060262e-02 1.4158032476e-01
1.9938676711e-02 1.4051932824e-01
1.9495774290e-02 1.3913569714e-01
1.8950500455e-02 1.3770714928e-01
1.8314011928e-02 1.3620786936e-01
1.7557046007e-02 1.3466517072e-01
1.6675462745e-02 1.3302683523e-01
1.5667946697e-02 1.3139512475e-01
1.4571175049e-02 1.2968934729e-01
1.3430078940e-02 1.2794662700e-01
1.2350833466e-02 1.2596816421e-01
1.1288521558e-02 1.2401140015e-01
1.0267051042e-02 1.2198368900e-01
9.2391206668e-03 1.2003341355e-01
8.2584764736e-03 1.1800060935e-01
7.2497393286e-03 1.1616789539e-01
6.4162897222e-03 1.1401017437e-01
5.5509721047e-03 1.1203769297e-01
4.7165914814e-03 1.1008068460e-01
4.0490170813e-03 1.0786643096e-01
3.2757436124e-03 1.0599862925e-01
2.7317006321e-03 1.0390005712e-01
2.3006117631e-03 1.0180977362e-01
1.9812477570e-03 9.9874232409e-02
1.8563601911e-03 9.7878978663e-02
1.8932099327e-03 9.5930613389e-02
2.1334986505e-03 9.3948427165e-02
2.5813651408e-03 9.1896340364e-02
3.1357043624e-03 8.9944653045e-02
3.7944905814e-03 8.7934955389e-02
4.5164793439e-03 8.6041358767e-02
5.2752593398e-03 8.4088083925e-02
6.0294549002e-03 8.2168381981e-02
6.8939807041e-03 8.0047646037e-02
7.6516347531e-03 7.8131615163e-02
8.3884417887e-03 7.6463610844e-02
8.7942216602e-03 7.5026973459e-02
9.0770103080e-03 7.4115956096e-02
9.2313405874e-03 7.3504103292e-02
9.3827038736e-03 7.2955272124e-02
9.5627372133e-03 7.2558820796e-02
1.0007187735e-02 7.2000018107e-02
1.0494217259e-02 7.1551606457e-02
1.1051269716e-02 7.1046813838e-02
1.1380812650e-02 7.0953740305e-02
1.1459612792e-02 7.1357652685e-02
1.1365609132e-02 7.1744837429e-02
1.1029458203e-02 7.2636427450e-02
1.0610751814e-02 7.3588147356e-02
1.0156075781e-02 7.4597332651e-02
9.8234543666e-03 7.5446737103e-02
9.5385374844e-03 7.6279400478e-02
9.1718683804e-03 7.7339159928e-02
8.7774734632e-03 7.8486842762e-02
8.3843536711e-03 7.9547780775e-02
7.8582478924e-03 8.0946856187e-02
7.3418930600e-03 8.2343240591e-02
6.8553973693e-03 8.3805112171e-02
6.4326538745e-03 8.5330311755e-02
6.0856420775e-03 8.6863859641e-02
5.8007445269e-03 8.8326098583e-02
5.4466170358e-03 8.9933793837e-02
5.0788933871e-03 9.1443238356e-02
4.7607966234e-03 9.2725929331e-02
4.2713855381e-03 9.4074111329e-02
3.7547818982e-03 9.5365942785e-02
3.2567507846e-03 9.6509147240e-02
2.7565127706e-03 9.7587461003e-02
2.3588956566e-03 9.8490916698e-02
1.9923208727e-03 9.9402577869e-02
1.6265395780e-03 1.0031616046e-01
1.3014504007e-03 1.0123013616e-01
1.0299862728e-03 1.0215108565e-01
8.0046048247e-04 1.0311206811e-01
7.3369595691e-04 1.0389261893e-01
7.4418112998e-04 1.0469223874e-01
7.7036606814e-04 1.0553072759e-01
8.5424691637e-04 1.0625740494e-01
9.2228403948e-04 1.0705754002e-01
1.0092153934e-03 1.0783032974e-01
1.1438656320e-03 1.0846825403e-01
1.2490753733e-03 1.0921560921e-01
1.3680055273e-03 1.0980241131e-01
1.4209388939e-03 1.1027475745e-01
1.1480472939e-03 1.1130823986e-01
8.1361056192e-04 1.1207813163e-01
3.5579015296e-04 1.1300056646e-01
-6.4512410591e-05 1.1381150910e-01
-4.5435163307e-04 1.1456100784e-01
-8.5718060644e-04 1.1541666191e-01
-1.1496487393e-03 1.1607720833e-01
-1.4871644090e-03 1.1688228555e-01
-1.8917806914e-03 1.1789261768e-01
-2.1733005430e-03 1.1872263639e-01
-2.3981512598e-03 1.1956999122e-01
-2.5429140952e-03 1.2037827741e-01
-2.5914669245e-03 1.2103250747e-01
-2.6795525476e-03 1.2181200875e-01
-2.7547892517e-03 1.2250742716e-01
-2.8733068524e-03 1.2331176484e-01
-2.9460796414e-03 1.2401410893e-01
-2.9907207585e-03 1.2470821604e-01
-2.9139760285e-03 1.2524261208e-01
-2.7561708429e-03 1.2564078916e-01
-2.5947613581e-03 1.2600387713e-01
-2.3373890976e-03 1.2618297405e-01
-2.0657736239e-03 1.2631650710e-01
-1.7510678461e-03 1.2636372731e-01
-1.4207621239e-03 1.2641029461e-01
-1.1645548986e-03 1.2663533460e-01
-8.2725686067e-04 1.2678261373e-01
-4.2830080593e-04 1.2697070854e-01
2.4686235594e-05 1.2712358139e-01
6.2711105802e-04 1.2705489683e-01
1.1443638341e-03 1.2728755549e-01
1.7739193390e-03 1.2719538169e-01
2.3345193943e-03 1.2720281186e-01
2.9142039468e-03 1.2715684807e-01
3.4264955670e-03 1.2706483468e-01
4.0006177782e-03 1.2668801805e-01
4.5808396511e-03 1.2634244994e-01
5.1005356732e-03 1.2629429488e-01
5.6013416201e-03 1.2601256821e-01
6.0044705324e-03 1.2613518256e-01
6.3059250518e-03 1.2618738001e-01
6.5492076155e-03 1.2638750469e-01
6.7633417224e-03 1.2618665818e-01
