1.0586680679e-02 3.5869289917e-02
1.0621286070e-02 3.5846035813e-02
1.0504776043e-02 3.6148480577e-02
1.0497793664e-02 3.6307111040e-02
1.0620281510e-02 3.6300732138e-02
1.0840375197e-02 3.6162637319e-02
1.1129055154e-02 3.5951987711e-02
1.1481943810e-02 3.5637521565e-02
1.1778427421e-02 3.5400606195e-02
1.2078751909e-02 3.5168954206e-02
1.2393534488e-02 3.4901098725e-02
1.2690856738e-02 3.4645695642e-02
1.2977902078e-02 3.4432341122e-02
1.3281561648e-02 3.4189185776e-02
1.3586933201e-02 3.3978108873e-02
1.3930073271e-02 3.3688839282e-02
1.4289398568e-02 3.3332752691e-02
1.4542310890e-02 3.3163602394e-02
1.4721627659e-02 3.3037049864e-02
1.4841133948e-02 3.2906747063e-02
1.4821868020e-02 3.3034762888e-02
1.4802341841e-02 3.3108732915e-02
1.4793399358e-02 3.3190564266e-02
1.4833156861e-02 3.3211592218e-02
1.4892100090e-02 3.3185176434e-02
1.4923655395e-02 3.3180101593e-02
1.4869143367e-02 3.3232948451e-02
1.4687635432e-02 3.3460157096e-02
1.4468576067e-02 3.3586246475e-02
1.4139731917e-02 3.3857158603e-02
1.3774446221e-02 3.4137147875e-02
1.3369326036e-02 3.4474613286e-02
1.3031306131e-02 3.4661895532e-02
1.2679667836e-02 3.4965163851e-02
1.2374015385e-02 3.5170828081e-02
1.2006711450e-02 3.5564123463e-02
1.1675707781e-02 3.5909691288e-02
1.1343869979e-02 3.6299472918e-02
1.1035086051e-02 3.6758853150e-02
1.0832456044e-02 3.7129056023e-02
1.0625526263e-02 3.7607432308e-02
1.0633396450e-02 3.7926113700e-02
1.0633069503e-02 3.8305240236e-02
1.0756437398e-02 3.8605416152e-02
1.0889936818e-02 3.8918324514e-02
1.1073729969e-02 3.9181544247e-02
1.1269289460e-02 3.9445223290e-02
1.1425551697e-02 3.9807005506e-02
1.1658567506e-02 3.9976957716e-02
1.1823102895e-02 4.0249311415e-02
1.1967520467e-02 4.0441807772e-02
1.2121426915e-02 4.0547224202e-02
1.2261321514e-02 4.0563085978e-02
1.2385655620e-02 4.0551021714e-02
1.2543982262e-02 4.0560399664e-02
1.2783035837e-02 4.0402263880e-02
1.2967106503e-02 4.0502830155e-02
1.3257536960e-02 4.0502625663e-02
1.3572443075e-02 4.0460901145e-02
1.3831926891e-02 4.0550301318e-02
1.4110401238e-02 4.0547953724e-02
1.4326783729e-02 4.0591182606e-02
1.4614201542e-02 4.0430111322e-02
1.4870774161e-02 4.0279380479e-02
1.5102701526e-02 4.0088812580e-02
1.5276288058e-02 4.0070458851e-02
1.5416354486e-02 3.9983740972e-02
1.5519098940e-02 3.9983555527e-02
1.5626798676e-02 3.9929374000e-02
1.5682795173e-02 3.9866517770e-02
1.5689694607e-02 3.9764644473e-02
1.5668361395e-02 3.9579718817e-02
1.5591296095e-02 3.9407339054e-02
1.5460525937e-02 3.9258285457e-02
1.5312049488e-02 3.9076958761e-02
1.5169499928e-02 3.8857902322e-02
1.5019742845e-02 3.8635008467e-02
1.4934333701e-02 3.8265051775e-02
1.4807968829e-02 3.8009337224e-02
1.4712718977e-02 3.7732725057e-02
1.4669926435e-02 3.7419929563e-02
1.4684619417e-02 3.7091930871e-02
1.4764489547e-02 3.6704363145e-02
1.4891217034e-02 3.6225432847e-02
1.4978434165e-02 3.5794145961e-02
1.5026240541e-02 3.5348684707e-02
1.5031728705e-02 3.4897940206e-02
1.4987928574e-02 3.4484611915e-02
1.4879611308e-02 3.4117778990e-02
1.4787388866e-02 3.3707260320e-02
1.4709938065e-02 3.3269748889e-02
1.4692180725e-02 3.2747363052e-02
1.4671325000e-02 3.2221996017e-02
1.4665249062e-02 3.1696666622e-02
1.4686189450e-02 3.1070732060e-02
1.4664861260e-02 3.0466792028e-02
1.4610060867e-02 2.9913925010e-02
1.4532511408e-02 2.9308084626e-02
1.4505950550e-02 2.8603634462e-02
1.4444727591e-02 2.8009934903e-02
1.4385136158e-02 2.7396659595e-02
1.4379202680e-02 2.6802454947e-02
1.4391262295e-02 2.6277649507e-02
1.4416101203e-02 2.5874495203e-02
1.4504170466e-02 2.5538907829e-02
1.4627154125e-02 2.5208779741e-02
1.4853029723e-02 2.4934236371e-02
1.5113521956e-02 2.4661644019e-02
1.5495408641e-02 2.4313167759e-02
1.5901137160e-02 2.4078056491e-02
1.6288673911e-02 2.3998100016e-02
1.6626472724e-02 2.4060405208e-02
1.6925550687e-02 2.4205602287e-02
1.7194798608e-02 2.4215045871e-02
1.7200481091e-02 2.4417196381e-02
1.7075632644e-02 2.4509145166e-02
1.6739173171e-02 2.4650838035e-02
1.6424517692e-02 2.4661882627e-02
1.6091614708e-02 2.4707734507e-02
1.5842132692e-02 2.4739866164e-02
1.5653868555e-02 2.4864838823e-02
1.5580743988e-02 2.4990323824e-02
1.5552265812e-02 2.5232992260e-02
1.5613461638e-02 2.5491483872e-02
1.5717733834e-02 2.5835332664e-02
1.5877285398e-02 2.6221290461e-02
1.6199038072e-02 2.6436729333e-02
1.6496737954e-02 2.6791534008e-02
1.6859976865e-02 2.7074381140e-02
1.7212489792e-02 2.7401755822e-02
1.7551312305e-02 2.7762557899e-02
1.7906064615e-02 2.8111115132e-02
1.8180736047e-02 2.8537420141e-02
1.8413089072e-02 2.8996960941e-02
1.8563783040e-02 2.9514616646e-02
1.8639428506e-02 3.0089059246e-02
1.8691422574e-02 3.0641105245e-02
1.8727355241e-02 3.1166211621e-02
1.8744410005e-02 3.1670182140e-02
1.8739683718e-02 3.2155763465e-02
1.8727743497e-02 3.2604528025e-02
1.8679874367e-02 3.3074710463e-02
1.8615259718e-02 3.3552659507e-02
1.8570174663e-02 3.3991706935e-02
1.8545569978e-02 3.4423340371e-02
1.8580502130e-02 3.4762587002e-02
1.8567386651e-02 3.5187512680e-02
1.8507157523e-02 3.5706137588e-02
1.8455384777e-02 3.6204093691e-02
1.8374194594e-02 3.6840996780e-02
1.8403345285e-02 3.7370239703e-02
1.8538121338e-02 3.7839091819e-02
1.8746258065e-02 3.8298286255e-02
1.9032618696e-02 3.8663296406e-02
1.9325279701e-02 3.9015505874e-02
1.9561605603e-02 3.9373027756e-02
1.9696445741e-02 3.9734762289e-02
1.9879639460e-02 3.9838587299e-02
1.9692705948e-02 4.0193931375e-02
1.9413630421e-02 4.0471248920e-02
1.9105202728e-02 4.0611747098e-02
1.8752107530e-02 4.0712129986e-02
1.8371557458e-02 4.0784751150e-02
1.8005722843e-02 4.0872352978e-02
1.7704074814e-02 4.0912414837e-02
1.7495820336e-02 4.0911239021e-02
1.7396941973e-02 4.0918136691e-02
1.7494732324e-02 4.0731597083e-02
1.7672232509e-02 4.0586355279e-02
1.7925157865e-02 4.0418424738e-02
1.8179922795e-02 4.0254067686e-02
1.8345155155e-02 4.0201953393e-02
1.8373814914e-02 4.0291686225e-02
1.8308030571e-02 4.0517431631e-02
1.8317887613e-02 4.0609894728e-02
1.8428457643e-02 4.0617065889e-02
1.8698705413e-02 4.0475242049e-02
1.9090905194e-02 4.0136219276e-02
1.9410397689e-02 3.9867244451e-02
1.9553979704e-02 3.9786424303e-02
1.9592340393e-02 3.9818853704e-02
1.9624570895e-02 3.9688014655e-02
1.9578231580e-02 3.9645265982e-02
1.9555534309e-02 3.9538123614e-02
1.9505534699e-02 3.9390194297e-02
1.9456146643e-02 3.9184666740e-02
1.9401539321e-02 3.8956367359e-02
1.9343224772e-02 3.8748617225e-02
1.9310273979e-02 3.8484616916e-02
1.9316527059e-02 3.8199229073e-02
1.9367724823e-02 3.7900312082e-02
1.9499738438e-02 3.7551601192e-02
1.9698794762e-02 3.7090184048e-02
1.9903251550e-02 3.6614146386e-02
2.0054209340e-02 3.6236822082e-02
2.0147154920e-02 3.5948684608e-02
2.0299640208e-02 3.5537388177e-02
2.0505487258e-02 3.5084804489e-02
2.0750593680e-02 3.4636088985e-02
2.0994507831e-02 3.4251614088e-02
2.1279432842e-02 3.3862113925e-02
2.1604491653e-02 3.3442610867e-02
2.1870013697e-02 3.3272097132e-02
2.2288117830e-02 3.2939516234e-02
2.2789680466e-02 3.2556192788e-02
2.3391080622e-02 3.2208792636e-02
2.4076483574e-02 3.1671000170e-02
2.4756646431e-02 3.1174553157e-02
2.5326511073e-02 3.0767003417e-02
2.5784433208e-02 3.0303477243e-02
2.6048057525e-02 2.9995154064e-02
2.6171578160e-02 2.9743412720e-02
2.6198067823e-02 2.9459699072e-02
2.6162623209e-02 2.9139241718e-02
2.6099686716e-02 2.8777198704e-02
2.6062377329e-02 2.8310046413e-02
2.5970826329e-02 2.7767047776e-02
2.5920114715e-02 2.7173014062e-02
2.5874993875e-02 2.6574946409e-02
2.5770693557e-02 2.6097022520e-02
2.5723850268e-02 2.5551229355e-02
2.5521577975e-02 2.5353913246e-02
2.5204034508e-02 2.5375786806e-02
2.5107806629e-02 2.5253729086e-02
2.5067688767e-02 2.5153511517e-02
2.5267601612e-02 2.4907210610e-02
2.5540728862e-02 2.4705765574e-02
2.5935928095e-02 2.4457623963e-02
2.6369358475e-02 2.4219757201e-02
2.6800535346e-02 2.4013807084e-02
2.7206618242e-02 2.3808888418e-02
2.7549864434e-02 2.3643153483e-02
2.7823972739e-02 2.3455774470e-02
2.7991671596e-02 2.3333209119e-02
2.8064428611e-02 2.3225892244e-02
2.8066390615e-02 2.3106678002e-02
2.8008137811e-02 2.3005188019e-02
2.7976635254e-02 2.2801318255e-02
2.7920475086e-02 2.2636184504e-02
2.7895972969e-02 2.2395159915e-02
2.7863146364e-02 2.2127734196e-02
2.7755222177e-02 2.2052253923e-02
2.7638912243e-02 2.1996516416e-02
2.7590178260e-02 2.1908142668e-02
2.7610759504e-02 2.1812774620e-02
2.7640303275e-02 2.1801820519e-02
2.7764344227e-02 2.1705155197e-02
2.7835927596e-02 2.1759098886e-02
2.7957859071e-02 2.1778976498e-02
2.8064576787e-02 2.1874469921e-02
2.8214884543e-02 2.1982972560e-02
2.8384702307e-02 2.2106459808e-02
2.8586908537e-02 2.2228075760e-02
2.8831728937e-02 2.2310210426e-02
2.9059472578e-02 2.2460011036e-02
2.9309557809e-02 2.2546493920e-02
2.9541063162e-02 2.2651935682e-02
2.9747976740e-02 2.2698558385e-02
2.9759700116e-02 2.2982914110e-02
2.9742929649e-02 2.3187001160e-02
2.9627574668e-02 2.3439529015e-02
2.9493030311e-02 2.3661552816e-02
2.9409436904e-02 2.3733176850e-02
2.9292004126e-02 2.3923275828e-02
2.9258925409e-02 2.4001417466e-02
2.9274940450e-02 2.4083250749e-02
2.9326101819e-02 2.4153143524e-02
2.9376854717e-02 2.4315659676e-02
2.9447891639e-02 2.4425968901e-02
2.9497510208e-02 2.4591811004e-02
2.9549965246e-02 2.4701078347e-02
2.9590478710e-02 2.4795711393e-02
2.9627723246e-02 2.4875343643e-02
2.9694768007e-02 2.4840252755e-02
2.9717783628e-02 2.4806251988e-02
2.9672538943e-02 2.4768664162e-02
2.9509047507e-02 2.4937322320e-02
2.9350135180e-02 2.4993425891e-02
2.9222374368e-02 2.5013586370e-02
2.9186733560e-02 2.4892315316e-02
2.9173433126e-02 2.4836413076e-02
2.9250234899e-02 2.4664089448e-02
2.9369706408e-02 2.4502699111e-02
2.9528375940e-02 2.4326855946e-02
2.9644237260e-02 2.4248895933e-02
2.9725927627e-02 2.4195033440e-02
2.9751731217e-02 2.4222915265e-02
2.9775845950e-02 2.4260421345e-02
2.9864140577e-02 2.4262396041e-02
2.9995783935e-02 2.4274491435e-02
3.0185409153e-02 2.4215859645e-02
3.0328183302e-02 2.4256744168e-02
3.0398990417e-02 2.4365858305e-02
3.0437973665e-02 2.4456187957e-02
3.0514432871e-02 2.4360721361e-02
3.0544031581e-02 2.4301927644e-02
3.0510463501e-02 2.4233173498e-02
3.0343293872e-02 2.4232805300e-02
3.0020007857e-02 2.4422416893e-02
2.9665064049e-02 2.4572015329e-02
2.9313837562e-02 2.4669568854e-02
2.9021199384e-02 2.4680772260e-02
2.8775609593e-02 2.4637708682e-02
2.8512721852e-02 2.4742794299e-02
2.8310256483e-02 2.4809864196e-02
2.8156259515e-02 2.4884422517e-02
2.8017775854e-02 2.5024238589e-02
2.7814672633e-02 2.5347499530e-02
2.7642827437e-02 2.5673846586e-02
2.7503641784e-02 2.6013835383e-02
2.7414930737e-02 2.6339770081e-02
2.7382398923e-02 2.6639699077e-02
2.7376391495e-02 2.6945728626e-02
2.7420777828e-02 2.7175373701e-02
2.7441697626e-02 2.7486265397e-02
2.7478085061e-02 2.7760257408e-02
2.7509767164e-02 2.8022540404e-02
2.7516830857e-02 2.8374139599e-02
2.7509904827e-02 2.8704299228e-02
2.7494949453e-02 2.9065876937e-02
2.7475623489e-02 2.9449358635e-02
2.7511595895e-02 2.9762304494e-02
2.7614042084e-02 2.9972809339e-02
2.7779315552e-02 3.0106832686e-02
2.7993808395e-02 3.0124111117e-02
2.8256190246e-02 3.0040156264e-02
2.8477776973e-02 2.9977302364e-02
2.8606669580e-02 3.0066767893e-02
2.8752502886e-02 3.0048896458e-02
2.8887017405e-02 3.0091747065e-02
2.9074463083e-02 3.0110451309e-02
2.9352002527e-02 3.0002635130e-02
2.9679786306e-02 2.9879516089e-02
3.0024130232e-02 2.9707634316e-02
3.0312762146e-02 2.9666804811e-02
3.0565311305e-02 2.9711454875e-02
3.0825813273e-02 2.9804677221e-02
3.1074724542e-02 2.9980163065e-02
3.1319635437e-02 3.0201677941e-02
3.1486586527e-02 3.0644113946e-02
3.1671959846e-02 3.0975743742e-02
3.1903057003e-02 3.1081007335e-02
3.2029120801e-02 3.1230240714e-02
3.2072753000e-02 3.1269413626e-02
3.1943610740e-02 3.1401366881e-02
3.1708948474e-02 3.1422890115e-02
3.1351176131e-02 3.1286327534e-02
3.0616230601e-02 3.1748060364e-02
2.9854539720e-02 3.2046309599e-02
2.9163234329e-02 3.2258503473e-02
2.8635348343e-02 3.2298916384e-02
2.8335571219e-02 3.2171114170e-02
2.8183477791e-02 3.1888012324e-02
2.8022166330e-02 3.1723328113e-02
2.7933254482e-02 3.1497161179e-02
2.7824826699e-02 3.1385901169e-02
2.7778592089e-02 3.1195474117e-02
2.7660148293e-02 3.1201571026e-02
2.7550052781e-02 3.1196061527e-02
2.7491354210e-02 3.1143167264e-02
2.7469881857e-02 3.1073926395e-02
2.7530413574e-02 3.0907114968e-02
2.7655929270e-02 3.0642652945e-02
2.7787074321e-02 3.0450198339e-02
2.7929429707e-02 3.0150520487e-02
2.7990023027e-02 3.0015735698e-02
2.8037496016e-02 2.9872886001e-02
2.8107721422e-02 2.9667299134e-02
2.8211140620e-02 2.9442712553e-02
2.8358788087e-02 2.9156608215e-02
2.8572149526e-02 2.8721541144e-02
2.8759372902e-02 2.8342713074e-02
2.8915568791e-02 2.7989864587e-02
2.9067588915e-02 2.7620321323e-02
2.9188870257e-02 2.7301716050e-02
2.9283528290e-02 2.6943050775e-02
2.9249362219e-02 2.6749058292e-02
2.9146178563e-02 2.6611787491e-02
2.9007787005e-02 2.6504326513e-02
2.8946899997e-02 2.6292489102e-02
2.8927350616e-02 2.6124995333e-02
2.8960630134e-02 2.5958545842e-02
2.9017220437e-02 2.5858677814e-02
2.9096676288e-02 2.5848636386e-02
2.9215041611e-02 2.5861750644e-02
2.9366510113e-02 2.5949867753e-02
2.9542521511e-02 2.6068150109e-02
2.9776684706e-02 2.6138303249e-02
2.9976493049e-02 2.6275744573e-02
3.0178615167e-02 2.6337005755e-02
3.0251461712e-02 2.6463681945e-02
3.0184538621e-02 2.6623429098e-02
2.9953936284e-02 2.6871302444e-02
2.9603192447e-02 2.7151972552e-02
2.9202496442e-02 2.7412752448e-02
2.8815855688e-02 2.7603957951e-02
2.8415156045e-02 2.7814216382e-02
2.8063032767e-02 2.7938929035e-02
2.7673253397e-02 2.8151879753e-02
2.7302427111e-02 2.8382764376e-02
2.7001563123e-02 2.8562723792e-02
2.6788261709e-02 2.8703252525e-02
2.6629090525e-02 2.8876279925e-02
2.6719523620e-02 2.8767679635e-02
2.6637539447e-02 2.9098945554e-02
2.6878827219e-02 2.9163935583e-02
2.7196991121e-02 2.9172272457e-02
2.7415419504e-02 2.9446799346e-02
2.7714624367e-02 2.9574792702e-02
2.8017215974e-02 2.9611974270e-02
2.8249385847e-02 2.9651209721e-02
2.8468238023e-02 2.9583779297e-02
2.8524351422e-02 2.9639172155e-02
2.8521167956e-02 2.9645915909e-02
2.8385625008e-02 2.9754776327e-02
2.8198787467e-02 2.9811782806e-02
2.8025163160e-02 2.9787705949e-02
2.7856743996e-02 2.9741201168e-02
2.7711020041e-02 2.9677546616e-02
2.7627684613e-02 2.9604427134e-02
2.7580112292e-02 2.9609615700e-02
2.7622984937e-02 2.9635150455e-02
2.7762305092e-02 2.9683405165e-02
2.8027398540e-02 2.9727483974e-02
2.8405146387e-02 2.9743966261e-02
2.8878386662e-02 2.9747977963e-02
2.9375375379e-02 2.9777517424e-02
2.9877351910e-02 2.9763272821e-02
3.0301814316e-02 2.9692640891e-02
3.0763336515e-02 2.9215273063e-02
3.0540263100e-02 2.9486152066e-02
3.0343452431e-02 2.9342131226e-02
3.0052965285e-02 2.9140100592e-02
2.9661467683e-02 2.9019244951e-02
2.9245270354e-02 2.8967296317e-02
2.8768504019e-02 2.9100112215e-02
2.8433219293e-02 2.9273437170e-02
2.8219572534e-02 2.9508188212e-02
2.8157197747e-02 2.9769478443e-02
2.8270058400e-02 3.0041852695e-02
2.8477174733e-02 3.0310402439e-02
2.8762067582e-02 3.0511159382e-02
2.9176873141e-02 3.0493836758e-02
2.9643521150e-02 3.0495018207e-02
2.9775428309e-02 3.0566633355e-02
2.9747169942e-02 3.0908733708e-02
2.9485190267e-02 3.1282243888e-02
2.9185938376e-02 3.1523666597e-02
2.8927438728e-02 3.1515131770e-02
2.8676966422e-02 3.1399583902e-02
2.8404435976e-02 3.1289660623e-02
2.8168883247e-02 3.1168210504e-02
2.7961710062e-02 3.1106652379e-02
2.7697167227e-02 3.1248641668e-02
2.7501761297e-02 3.1422726878e-02
2.7326544950e-02 3.1654389359e-02
2.7195125342e-02 3.1897836592e-02
2.7087549840e-02 3.2161408019e-02
2.7021097526e-02 3.2373004086e-02
2.6946548835e-02 3.2604098443e-02
2.6853988177e-02 3.2870454228e-02
2.6748444378e-02 3.3173123523e-02
2.6653336156e-02 3.3470507498e-02
2.6544655530e-02 3.3759456030e-02
2.6407930812e-02 3.4095229489e-02
2.6331087522e-02 3.4326777377e-02
2.6200500684e-02 3.4614122466e-02
2.6095634723e-02 3.4862123503e-02
2.6014688161e-02 3.5080296081e-02
2.5916280095e-02 3.5347699898e-02
2.5861848912e-02 3.5549491220e-02
2.5841657267e-02 3.5752430818e-02
2.5813219373e-02 3.5982457676e-02
2.5832018301e-02 3.6130551910e-02
2.5850900864e-02 3.6312751679e-02
2.5863433651e-02 3.6458876731e-02
2.5869250675e-02 3.6585237684e-02
2.5801947896e-02 3.6762094885e-02
2.5672136595e-02 3.6966584572e-02
2.5481865267e-02 3.7241522287e-02
2.5295068167e-02 3.7489939538e-02
2.5144455506e-02 3.7697101420e-02
2.5040894413e-02 3.7876152466e-02
2.4963267121e-02 3.8082669038e-02
2.4918837542e-02 3.8321193450e-02
2.4920115014e-02 3.8577558575e-02
2.5003379293e-02 3.8804321250e-02
2.5140559370e-02 3.9045613180e-02
2.5343271207e-02 3.9242077422e-02
2.5582857781e-02 3.9405084125e-02
2.5824541188e-02 3.9559199696e-02
2.6049014739e-02 3.9692643981e-02
2.6217015686e-02 3.9848573518e-02
2.6311387469e-02 4.0029104003e-02
2.6353964001e-02 4.0206236007e-02
2.6362227495e-02 4.0359089810e-02
2.6358148878e-02 4.0470134841e-02
2.6337001056e-02 4.0569145600e-02
2.6295339622e-02 4.0675148434e-02
2.6231580118e-02 4.0824844659e-02
2.6199422336e-02 4.0927728826e-02
2.6164208239e-02 4.1083621949e-02
2.6176082051e-02 4.1192341180e-02
2.6156034977e-02 4.1388694398e-02
2.6188700861e-02 4.1517524219e-02
2.6186959804e-02 4.1737679538e-02
2.6173550541e-02 4.2009570105e-02
2.6176071431e-02 4.2256181607e-02
2.6203475751e-02 4.2486740919e-02
2.6224407116e-02 4.2757683432e-02
2.6226028758e-02 4.3081022899e-02
2.6276128497e-02 4.3344646555e-02
2.6360390098e-02 4.3578231750e-02
2.6467474240e-02 4.3788826278e-02
2.6623409849e-02 4.3910719230e-02
2.6752727453e-02 4.4070353933e-02
2.6884857766e-02 4.4109240793e-02
2.6889683298e-02 4.4294667145e-02
2.6788810203e-02 4.4564610778e-02
2.6661292859e-02 4.4822223090e-02
2.6562266468e-02 4.5004880678e-02
2.6517781829e-02 4.5147547743e-02
2.6571380025e-02 4.5161426417e-02
2.6644205953e-02 4.5152633662e-02
2.6684265400e-02 4.5235072320e-02
2.6685659043e-02 4.5348430359e-02
2.6630999945e-02 4.5513076662e-02
2.6537379737e-02 4.5668985315e-02
2.6376148999e-02 4.5876415803e-02
2.6171532631e-02 4.6106069138e-02
2.5988654103e-02 4.6236293158e-02
2.5794789978e-02 4.6411171411e-02
2.5651813964e-02 4.6494254322e-02
2.5524741650e-02 4.6610174258e-02
2.5445046187e-02 4.6689549264e-02
2.5419309638e-02 4.6735432448e-02
2.5431791863e-02 4.6776577959e-02
2.5462722369e-02 4.6836239030e-02
2.5516421789e-02 4.6906184028e-02
2.5591275441e-02 4.6928559175e-02
2.5647918844e-02 4.6989371310e-02
2.5684225392e-02 4.7060407685e-02
2.5697726352e-02 4.7113996767e-02
2.5695127492e-02 4.7204544395e-02
2.5739722254e-02 4.7220655817e-02
2.5818919990e-02 4.7155861484e-02
2.5915438519e-02 4.7066156916e-02
2.5940112199e-02 4.7037002912e-02
2.5882912193e-02 4.7090182322e-02
2.5791723572e-02 4.7195056096e-02
2.5708760250e-02 4.7275663391e-02
2.5681480753e-02 4.7285211326e-02
2.5662926472e-02 4.7346482279e-02
2.5661203413e-02 4.7395975619e-02
2.5682485002e-02 4.7450104879e-02
2.5710712564e-02 4.7527331054e-02
2.5763337416e-02 4.7593143621e-02
2.5799333282e-02 4.7700109874e-02
2.5802497963e-02 4.7859466824e-02
2.5787492755e-02 4.8013472185e-02
2.5727817624e-02 4.8217215240e-02
2.5669680616e-02 4.8362338417e-02
2.5562168124e-02 4.8555370161e-02
2.5440643276e-02 4.8689097258e-02
2.5251129276e-02 4.8895466927e-02
2.4997649685e-02 4.9094147218e-02
2.4627638610e-02 4.9501904255e-02
2.4245342497e-02 4.9969725794e-02
2.3947819072e-02 5.0402752338e-02
2.3776931727e-02 5.0806771718e-02
2.3741840944e-02 5.1121306644e-02
2.3735330920e-02 5.1474265929e-02
2.3674596478e-02 5.1996616395e-02
2.3596776012e-02 5.2534111365e-02
2.3514434614e-02 5.3071278926e-02
2.3375187629e-02 5.3709215540e-02
2.3199656039e-02 5.4394397918e-02
2.3003846481e-02 5.5050590084e-02
2.2782219392e-02 5.5729475791e-02
2.2550420087e-02 5.6402034859e-02
2.2314062850e-02 5.7053604916e-02
2.2087438023e-02 5.7676595630e-02
2.1862505203e-02 5.8280573467e-02
2.1637167087e-02 5.8868526958e-02
2.1415119247e-02 5.9448174852e-02
2.1188066300e-02 6.0006060888e-02
2.0970252715e-02 6.0522420968e-02
2.0720575019e-02 6.1104432727e-02
2.0462914412e-02 6.1698315593e-02
2.0222404245e-02 6.2298697705e-02
2.0057406994e-02 6.2778681085e-02
1.9988432095e-02 6.3142423427e-02
2.0013172320e-02 6.3429530714e-02
2.0168325257e-02 6.3569904157e-02
2.0456128403e-02 6.3547476482e-02
2.0806493942e-02 6.3454095005e-02
2.1143631479e-02 6.3349922385e-02
2.1395256154e-02 6.3386064263e-02
2.1635921972e-02 6.3381937213e-02
2.1936664939e-02 6.3203466719e-02
2.2263833816e-02 6.3016095564e-02
2.2657345801e-02 6.2696465239e-02
2.3088725467e-02 6.2365422815e-02
2.3630887804e-02 6.1795840004e-02
2.4142149405e-02 6.1312699380e-02
2.4625810382e-02 6.0812939088e-02
2.5029398465e-02 6.0351588598e-02
2.5273652930e-02 6.0176491927e-02
2.5513951360e-02 5.9927518854e-02
2.5714122706e-02 5.9792599727e-02
2.5922190079e-02 5.9630058196e-02
2.6100683694e-02 5.9538688605e-02
2.6244849489e-02 5.9509253312e-02
2.6457820931e-02 5.9305216911e-02
2.6779489672e-02 5.8869483690e-02
2.7220831926e-02 5.8188207214e-02
2.7664449895e-02 5.7458448654e-02
2.8140665708e-02 5.6108458987e-02
2.8047786819e-02 5.5177526955e-02
2.7274586189e-02 5.4670738525e-02
2.5777565710e-02 5.5140183987e-02
2.4534879664e-02 5.4494624493e-02
2.3312828688e-02 5.4247359891e-02
2.2573059420e-02 5.3404848457e-02
2.2150648072e-02 5.2437299528e-02
2.1967845302e-02 5.1406262094e-02
2.1905728396e-02 5.0461618715e-02
2.1888561934e-02 4.9675713684e-02
2.1880592354e-02 4.9010366670e-02
2.1859090451e-02 4.8492275924e-02
2.1849866691e-02 4.8059651366e-02
2.1870698117e-02 4.7610819001e-02
2.1956052423e-02 4.7074424753e-02
2.2022573192e-02 4.6611853246e-02
2.2137058370e-02 4.6049356063e-02
2.2283521225e-02 4.5362317079e-02
2.2426203861e-02 4.4627324962e-02
2.2500838279e-02 4.3954898089e-02
2.2569867455e-02 4.3215831841e-02
2.2654754175e-02 4.2407099040e-02
2.2763796754e-02 4.1560447580e-02
2.2882502789e-02 4.0719016640e-02
2.3011257210e-02 3.9909185420e-02
2.3158774133e-02 3.9145800058e-02
2.3365215673e-02 3.8339252554e-02
2.3546753169e-02 3.7792714514e-02
2.3893255814e-02 3.6962611097e-02
2.4168179613e-02 3.6461817240e-02
2.4481248290e-02 3.5901879764e-02
2.4729354760e-02 3.5472459260e-02
2.4873286538e-02 3.5197260688e-02
2.4911388442e-02 3.4980003163e-02
2.4737660738e-02 3.5147462401e-02
2.4571815415e-02 3.5194778005e-02
2.4335388733e-02 3.5465901659e-02
2.4191910288e-02 3.5641108397e-02
2.4052104326e-02 3.5913929221e-02
2.3962596970e-02 3.6213062924e-02
2.3820918283e-02 3.6718389572e-02
2.3787458580e-02 3.7146789978e-02
2.3784215399e-02 3.7619992689e-02
2.3835356399e-02 3.8098537568e-02
2.3860809678e-02 3.8696483638e-02
2.3875828323e-02 3.9281599923e-02
2.3821847834e-02 4.0002173437e-02
2.3744178557e-02 4.0730132331e-02
2.3660620765e-02 4.1438475158e-02
2.3528366901e-02 4.2197282253e-02
2.3431694176e-02 4.2799270706e-02
2.3227261459e-02 4.3522198878e-02
2.2996031577e-02 4.4146311646e-02
2.2699789252e-02 4.4804332438e-02
2.2398306077e-02 4.5342096673e-02
2.2056102974e-02 4.5902445083e-02
2.1647450040e-02 4.6639093262e-02
2.1345902690e-02 4.7254880396e-02
2.1042401888e-02 4.8039427094e-02
2.0866081023e-02 4.8774636746e-02
2.0693045620e-02 4.9622335679e-02
2.0547810309e-02 5.0569856275e-02
2.0495910672e-02 5.1434151754e-02
2.0483315751e-02 5.2299898054e-02
2.0534997733e-02 5.3069626132e-02
2.0544422649e-02 5.3895462797e-02
2.0499301448e-02 5.4737961964e-02
2.0372757010e-02 5.5560446111e-02
2.0131482175e-02 5.6472879266e-02
1.9841057020e-02 5.7290145467e-02
1.9489758595e-02 5.8112663596e-02
1.9177664835e-02 5.8706495618e-02
1.8841935363e-02 5.9278869694e-02
1.8544476582e-02 5.9701308859e-02
1.8205346916e-02 6.0000384836e-02
1.7688351852e-02 6.0603957861e-02
1.7098841641e-02 6.1189396997e-02
1.6496454360e-02 6.1843409565e-02
1.5951984125e-02 6.2452973921e-02
1.5548685904e-02 6.2957042786e-02
1.5251972211e-02 6.3467917319e-02
1.5098349289e-02 6.3836895537e-02
1.4967072665e-02 6.4297073656e-02
1.4912563608e-02 6.4699131209e-02
1.4859585711e-02 6.5165022549e-02
1.4869208167e-02 6.5445795224e-02
1.4764840232e-02 6.6034368744e-02
1.4759877183e-02 6.6364778238e-02
1.4776466411e-02 6.6624291034e-02
1.4813271499e-02 6.6799015304e-02
1.4756940505e-02 6.7083856456e-02
1.4742932118e-02 6.7056818686e-02
1.4626817178e-02 6.7131906830e-02
1.4449438130e-02 6.7203718949e-02
1.4313691153e-02 6.7055515216e-02
1.4172590407e-02 6.6928709640e-02
1.4108503011e-02 6.6666162833e-02
1.4128619998e-02 6.6260999205e-02
1.4162784250e-02 6.5909828357e-02
1.4272621864e-02 6.5479982310e-02
1.4395362820e-02 6.5090100992e-02
1.4572162424e-02 6.4590507236e-02
1.4662699600e-02 6.4442018333e-02
1.4903900789e-02 6.4016914383e-02
1.5221076172e-02 6.3592702587e-02
1.5632394449e-02 6.3098421494e-02
1.6094262708e-02 6.2642768741e-02
1.6613314206e-02 6.2123537344e-02
1.7109679971e-02 6.1697633052e-02
1.7473961647e-02 6.1571872270e-02
1.7720441713e-02 6.1540317938e-02
1.8161816993e-02 6.0760173624e-02
1.7828174995e-02 6.1170664965e-02
1.7718982804e-02 6.0227575208e-02
1.7313200037e-02 5.9969055957e-02
1.6966681917e-02 5.9270351968e-02
1.6749551275e-02 5.8468619273e-02
1.6547292833e-02 5.7921168001e-02
1.6480624347e-02 5.7429729995e-02
1.6619229115e-02 5.6860218380e-02
1.6990152528e-02 5.6105510176e-02
1.7387262940e-02 5.5603996091e-02
1.8032128668e-02 5.4740100520e-02
1.8664767245e-02 5.4126941492e-02
1.9349806032e-02 5.3522836610e-02
2.0023863510e-02 5.2947815582e-02
2.0586830015e-02 5.2415019663e-02
2.1322910102e-02 5.1186900401e-02
2.1161548725e-02 5.1128826259e-02
2.1212178124e-02 5.0258454254e-02
2.1096704935e-02 4.9506882485e-02
2.0937429483e-02 4.8796644502e-02
2.0656079940e-02 4.8377062664e-02
2.0398136492e-02 4.7949014088e-02
2.0138776162e-02 4.7629847062e-02
1.9972411931e-02 4.7234147146e-02
1.9902445208e-02 4.6729085362e-02
1.9878462574e-02 4.6154469564e-02
1.9804222462e-02 4.5634497652e-02
1.9678620792e-02 4.5150084859e-02
1.9492819097e-02 4.4608819654e-02
1.9253157195e-02 4.4109864953e-02
1.8977894553e-02 4.3542775483e-02
1.8675350846e-02 4.3097642051e-02
1.8316896145e-02 4.2893877655e-02
1.8428652105e-02 4.2067879975e-02
1.8488072557e-02 4.1607331996e-02
1.8528917390e-02 4.1366958338e-02
1.8982383493e-02 4.0705532051e-02
1.9399420278e-02 4.0216515706e-02
1.9846622484e-02 3.9766362479e-02
2.0245471384e-02 3.9454287126e-02
2.0630467626e-02 3.9085391334e-02
2.0967948995e-02 3.8811364698e-02
2.1129457573e-02 3.8674992458e-02
2.1397942919e-02 3.8136413722e-02
2.1252991112e-02 3.8175923466e-02
2.1122309620e-02 3.7967878829e-02
2.0949384306e-02 3.7735199577e-02
2.0693082728e-02 3.7519537458e-02
2.0342680241e-02 3.7444361592e-02
1.9934041711e-02 3.7433266062e-02
1.9478062102e-02 3.7441738286e-02
1.9317659031e-02 3.7202983277e-02
1.9188032637e-02 3.7056771889e-02
1.8948679197e-02 3.7424428127e-02
1.9118856322e-02 3.7326611810e-02
1.9248306865e-02 3.7503754782e-02
1.9451161766e-02 3.7605433379e-02
1.9581525179e-02 3.7746994321e-02
1.9700518996e-02 3.7744887386e-02
1.9706508732e-02 3.7901105287e-02
1.9672832260e-02 3.7999333969e-02
1.9588038206e-02 3.8154483683e-02
1.9480679516e-02 3.8283497344e-02
1.9312328491e-02 3.8512642933e-02
1.9119678182e-02 3.8681789457e-02
1.8900504475e-02 3.8919278910e-02
1.8669331365e-02 3.9202193342e-02
1.8456904503e-02 3.9508030646e-02
1.8301149411e-02 3.9796847723e-02
1.8205377514e-02 4.0063852709e-02
1.8198685793e-02 4.0251657940e-02
1.8221398901e-02 4.0475233385e-02
1.8271025431e-02 4.0664683005e-02
1.8299529751e-02 4.0907964732e-02
1.8358704188e-02 4.1122361681e-02
1.8432033393e-02 4.1262574291e-02
1.8550305450e-02 4.1316459073e-02
1.8649774994e-02 4.1373917494e-02
1.8747667530e-02 4.1380554000e-02
1.8817156006e-02 4.1431271528e-02
1.8907292675e-02 4.1431398510e-02
1.8984757288e-02 4.1496675897e-02
1.9089579379e-02 4.1534298292e-02
1.9201236503e-02 4.1619568708e-02
1.9319757971e-02 4.1690011999e-02
1.9405665118e-02 4.1899859834e-02
1.9547152246e-02 4.2059159777e-02
1.9782602485e-02 4.2191376402e-02
2.0173545679e-02 4.2197688470e-02
2.0594364783e-02 4.2190975120e-02
2.0996973445e-02 4.2072412756e-02
2.1111864349e-02 4.2483035128e-02
2.1181828750e-02 4.2931311258e-02
2.1433309765e-02 4.3005557653e-02
2.1754354926e-02 4.3052825801e-02
2.2099584304e-02 4.2832986258e-02
2.2090508550e-02 4.3198931895e-02
2.1908864404e-02 4.3658758937e-02
2.1816093413e-02 4.3761914700e-02
2.1797452407e-02 4.3796727838e-02
2.1902632569e-02 4.3673794261e-02
2.2151509923e-02 4.3199599311e-02
2.2288434998e-02 4.2914723816e-02
2.2362651207e-02 4.2582971374e-02
2.2276599534e-02 4.2383310551e-02
2.2011343463e-02 4.2446398618e-02
2.1703570912e-02 4.2541853615e-02
2.1455163529e-02 4.2592666399e-02
2.1288652904e-02 4.2663028301e-02
2.1094199948e-02 4.2896836948e-02
2.1207270042e-02 4.2774793739e-02
2.1400682414e-02 4.2430766201e-02
2.1353814365e-02 4.2525407577e-02
2.1431681584e-02 4.2397547438e-02
2.1515678595e-02 4.2285652912e-02
2.1604107534e-02 4.2266580391e-02
2.1752766743e-02 4.2240365006e-02
2.1854592048e-02 4.2339465117e-02
2.1986454522e-02 4.2369602233e-02
2.2208763810e-02 4.2218493047e-02
2.2460746735e-02 4.1984213986e-02
2.2742297531e-02 4.1617927626e-02
2.2997601819e-02 4.1317271232e-02
2.3287727819e-02 4.0960801302e-02
2.3515112452e-02 4.0865067987e-02
2.3801739003e-02 4.0544347041e-02
2.3998642187e-02 4.0487955445e-02
2.4197041557e-02 4.0309156860e-02
2.4346589387e-02 4.0098397665e-02
2.4454829765e-02 3.9840326178e-02
2.4523051569e-02 3.9615180596e-02
2.4554462741e-02 3.9436948606e-02
2.4555332280e-02 3.9321184682e-02
2.4526924245e-02 3.9256410512e-02
2.4441122079e-02 3.9295722895e-02
2.4308747645e-02 3.9410933175e-02
2.4171037248e-02 3.9521868866e-02
2.3992712273e-02 3.9655339939e-02
2.3797768286e-02 3.9804077103e-02
2.3570254266e-02 3.9959074652e-02
2.3290954231e-02 4.0157066480e-02
2.3005629396e-02 4.0348131325e-02
2.2681576734e-02 4.0596613887e-02
2.2321734719e-02 4.0915664775e-02
2.2012593019e-02 4.1205292033e-02
2.1726462073e-02 4.1532368040e-02
2.1516498925e-02 4.1857469827e-02
2.1382391613e-02 4.2140985377e-02
2.1255346038e-02 4.2501830029e-02
2.1236401109e-02 4.2784738490e-02
2.1267815792e-02 4.3019933776e-02
2.1298745479e-02 4.3279711825e-02
2.1339924898e-02 4.3537810597e-02
2.1385752801e-02 4.3784024839e-02
2.1402449632e-02 4.4072838148e-02
2.1444813627e-02 4.4331405831e-02
2.1507236871e-02 4.4620672167e-02
2.1593656067e-02 4.4934865104e-02
2.1834229810e-02 4.5094702426e-02
2.2072765584e-02 4.5327765479e-02
2.2389783851e-02 4.5515173260e-02
2.2689401559e-02 4.5776951467e-02
2.3018563216e-02 4.5975299325e-02
2.3269753216e-02 4.6279620980e-02
2.3483913982e-02 4.6573251784e-02
2.3625871218e-02 4.6846367668e-02
2.3731219023e-02 4.7035145605e-02
2.3792852660e-02 4.7156518058e-02
2.3831080039e-02 4.7276753184e-02
2.3784012975e-02 4.7430765703e-02
2.3730928516e-02 4.7603858033e-02
2.3696697458e-02 4.7737508531e-02
2.3687588046e-02 4.7884964793e-02
2.3739997639e-02 4.7936527093e-02
2.3849707551e-02 4.7915277509e-02
2.3939665768e-02 4.8028520594e-02
2.4156593518e-02 4.7953621991e-02
2.4330785973e-02 4.8062771431e-02
2.4556843990e-02 4.8113159105e-02
2.4801144830e-02 4.8163843625e-02
2.4983612243e-02 4.8379436414e-02
2.5218818350e-02 4.8368831934e-02
2.5318323984e-02 4.8546792779e-02
2.5306467920e-02 4.8898194864e-02
2.5328897466e-02 4.9079954354e-02
2.5398944004e-02 4.9149595202e-02
2.5492025975e-02 4.9160765674e-02
2.5547373590e-02 4.9151801658e-02
2.5538811490e-02 4.9075600865e-02
2.5368498010e-02 4.9131566127e-02
2.5108549747e-02 4.9186983320e-02
2.4764727624e-02 4.9320894167e-02
2.4466734286e-02 4.9314230805e-02
2.4206652245e-02 4.9316956215e-02
2.4010533492e-02 4.9280189354e-02
2.3902063069e-02 4.9182055436e-02
2.3824815985e-02 4.9119827468e-02
2.3782073391e-02 4.9018711020e-02
2.3776543154e-02 4.8938434251e-02
2.3779498346e-02 4.8932277497e-02
2.3897203117e-02 4.8824101710e-02
2.4112031834e-02 4.8592565201e-02
2.4365258873e-02 4.8321235870e-02
2.4606665520e-02 4.8111634511e-02
2.4899844011e-02 4.7704580183e-02
2.5157901327e-02 4.7371573530e-02
2.5421373389e-02 4.7069919860e-02
2.5819228684e-02 4.6553715335e-02
2.6173289911e-02 4.6131462970e-02
2.6483216235e-02 4.5736254144e-02
2.6765524398e-02 4.5294493669e-02
2.6992055441e-02 4.4878717362e-02
2.7163638096e-02 4.4464761097e-02
2.7333733008e-02 4.4012492158e-02
2.7463853683e-02 4.3594371898e-02
2.7580617706e-02 4.3191973376e-02
2.7673823614e-02 4.2844421446e-02
2.7821988846e-02 4.2393434729e-02
2.7977620314e-02 4.1970732117e-02
2.8196214077e-02 4.1469681701e-02
2.8425781179e-02 4.1043477239e-02
2.8713995160e-02 4.0619437247e-02
2.9062214998e-02 4.0155956548e-02
2.9357263917e-02 3.9861114450e-02
2.9689189594e-02 3.9532943766e-02
2.9991264907e-02 3.9259585089e-02
3.0297788926e-02 3.8918775840e-02
3.0564602133e-02 3.8604147301e-02
3.0823025228e-02 3.8233299621e-02
3.1018683349e-02 3.7888433070e-02
3.1184623835e-02 3.7539472389e-02
3.1284614701e-02 3.7212206410e-02
3.1349796537e-02 3.6809006763e-02
3.1283079549e-02 3.6522675132e-02
3.1156533765e-02 3.6252447420e-02
3.0949753721e-02 3.6056096435e-02
3.0846630465e-02 3.5658149825e-02
3.0671757570e-02 3.5410080348e-02
3.0558809403e-02 3.5096515511e-02
3.0438272276e-02 3.4806479831e-02
3.0371542818e-02 3.4494897599e-02
3.0326138215e-02 3.4178549357e-02
3.0256316337e-02 3.3971097196e-02
3.0282613141e-02 3.3679608252e-02
3.0309827096e-02 3.3501455994e-02
3.0398575330e-02 3.3305965323e-02
3.0558296343e-02 3.3136162695e-02
3.0785103176e-02 3.2951974864e-02
3.1156830662e-02 3.2709531235e-02
3.1585758843e-02 3.2473302080e-02
3.2083611629e-02 3.2169830831e-02
3.2591324196e-02 3.1927361214e-02
3.3022109765e-02 3.1867590076e-02
3.3547654468e-02 3.1489721049e-02
3.3715600132e-02 3.1681330740e-02
3.3915542995e-02 3.1646215039e-02
3.4040707772e-02 3.1624956700e-02
3.4078298633e-02 3.1642929939e-02
3.4034049613e-02 3.1763234482e-02
3.3929294828e-02 3.1885897391e-02
3.3738290950e-02 3.2191409771e-02
3.3538636394e-02 3.2493529981e-02
3.3350874452e-02 3.2697927621e-02
3.3246950134e-02 3.2575072737e-02
3.3162422686e-02 3.2303748153e-02
3.2877538366e-02 3.2440345685e-02
3.2931255129e-02 3.1882745588e-02
3.2733845279e-02 3.2193988357e-02
3.2697073638e-02 3.2211986888e-02
3.2674876438e-02 3.2324277225e-02
3.2647306735e-02 3.2416029555e-02
3.2858698249e-02 3.2069911866e-02
3.3095602742e-02 3.1706047323e-02
3.3300937375e-02 3.1374996896e-02
3.3520465147e-02 3.1243989986e-02
3.3698165363e-02 3.1289132481e-02
3.3831758131e-02 3.1486576666e-02
3.3935847215e-02 3.1939855669e-02
3.3974172318e-02 3.2420583803e-02
3.3981996128e-02 3.3245726571e-02
3.3864877555e-02 3.4289219971e-02
3.3671876378e-02 3.5532127324e-02
3.3406501699e-02 3.6685778779e-02
3.3541366777e-02 3.7142864408e-02
3.2970343901e-02 3.8452866836e-02
3.2745821951e-02 3.8933715988e-02
3.2432777656e-02 3.9627303169e-02
3.2288776366e-02 4.0045603361e-02
3.2208880452e-02 4.0437393519e-02
3.2238286576e-02 4.0812477822e-02
3.2368978528e-02 4.0933959593e-02
3.2584562946e-02 4.1151518730e-02
3.2990441607e-02 4.1265233363e-02
3.3479918190e-02 4.1418378370e-02
3.4159972926e-02 4.1182811527e-02
3.4639930091e-02 4.1345890247e-02
3.5172163305e-02 4.1371434600e-02
3.5647591952e-02 4.1443632532e-02
3.6062056247e-02 4.1649121182e-02
3.6345689302e-02 4.2039313486e-02
3.6637584080e-02 4.2363045125e-02
3.6548194571e-02 4.3221916145e-02
3.6429271771e-02 4.3945319291e-02
3.6215071893e-02 4.4679840447e-02
3.5849023619e-02 4.5641780152e-02
3.5431319397e-02 4.6579635080e-02
3.4968842170e-02 4.7527273229e-02
3.4483652480e-02 4.8416406905e-02
3.3992441458e-02 4.9291958038e-02
3.3570970321e-02 5.0000415534e-02
3.3202389861e-02 5.0651971249e-02
3.2933828063e-02 5.1139274278e-02
3.2763651985e-02 5.1488644470e-02
3.2683500092e-02 5.1741672375e-02
3.2690249249e-02 5.1906701673e-02
3.2765725142e-02 5.2003063393e-02
3.2869637784e-02 5.2075435890e-02
3.2992903401e-02 5.2119883237e-02
3.3048108695e-02 5.2342771338e-02
3.3108367188e-02 5.2556638187e-02
3.3148591173e-02 5.2829112733e-02
3.3209285045e-02 5.3128683021e-02
3.3260176706e-02 5.3516735558e-02
3.3383686904e-02 5.3877115869e-02
3.3580108110e-02 5.4242399533e-02
3.3919769122e-02 5.4449334556e-02
3.4375609950e-02 5.4539695062e-02
3.4889047249e-02 5.4579192263e-02
3.5441970188e-02 5.4463520070e-02
3.5927660472e-02 5.4285871457e-02
3.6253600778e-02 5.4071105355e-02
3.6290901739e-02 5.3972077572e-02
3.6034698763e-02 5.4062866813e-02
3.5675890773e-02 5.4050846043e-02
3.5387388857e-02 5.3730396150e-02
3.5159576936e-02 5.3284437933e-02
3.5015845213e-02 5.2598242357e-02
3.4804324960e-02 5.2039129919e-02
3.4540729917e-02 5.1522445731e-02
3.4262029553e-02 5.1049402893e-02
3.3964308541e-02 5.0697964579e-02
3.3728535891e-02 5.0359437563e-02
3.3589469422e-02 5.0055574460e-02
3.3597988519e-02 4.9670865470e-02
3.3772768154e-02 4.9191882502e-02
3.3995258168e-02 4.8853034766e-02
3.4328735083e-02 4.8375798286e-02
3.4610774176e-02 4.8098183728e-02
3.4857636806e-02 4.7953342201e-02
3.5146634654e-02 4.7743250803e-02
3.5492350217e-02 4.7440571625e-02
3.5813943478e-02 4.7218041373e-02
3.6210670125e-02 4.6844479838e-02
3.6756753625e-02 4.5948131379e-02
3.6924798704e-02 4.5588060817e-02
3.7131243864e-02 4.4912663814e-02
3.7304479581e-02 4.4171129853e-02
3.7512257167e-02 4.3177478765e-02
3.7610175159e-02 4.2200855823e-02
3.7441822707e-02 4.1673675274e-02
3.7214056495e-02 4.1087025577e-02
3.6991535985e-02 4.0637345583e-02
3.6926644229e-02 4.0064952715e-02
3.7041516200e-02 3.9366150219e-02
3.7266628100e-02 3.8689536047e-02
3.7534316059e-02 3.8060103268e-02
3.7864340418e-02 3.7397422934e-02
3.8171252729e-02 3.6867981077e-02
3.8427541083e-02 3.6449590440e-02
3.8652183437e-02 3.6130995299e-02
3.8847882171e-02 3.5855683554e-02
3.8973786479e-02 3.5724308934e-02
3.9096432128e-02 3.5617414225e-02
3.9265904812e-02 3.5444583563e-02
3.9490408354e-02 3.5230222461e-02
3.9708508804e-02 3.5075817698e-02
3.9949833097e-02 3.4921094243e-02
4.0197691847e-02 3.4791577097e-02
4.0407207199e-02 3.4764720094e-02
4.0637855653e-02 3.4758125730e-02
4.0880221616e-02 3.4787168207e-02
4.1173617494e-02 3.4783553342e-02
4.1488088557e-02 3.4820926991e-02
4.1793641615e-02 3.4871818982e-02
4.2051936615e-02 3.5006541925e-02
4.2219235216e-02 3.5244136072e-02
4.2319766828e-02 3.5573370899e-02
4.2397920397e-02 3.5825393130e-02
4.2420114405e-02 3.6132066554e-02
4.2366316220e-02 3.6483409884e-02
4.2294508020e-02 3.6811681974e-02
4.2145443751e-02 3.7249767553e-02
4.1999779868e-02 3.7644025749e-02
4.1819990210e-02 3.8152488826e-02
4.1662293725e-02 3.8642451644e-02
4.1520793154e-02 3.9156345774e-02
4.1394818760e-02 3.9706599070e-02
4.1270298054e-02 4.0323045839e-02
4.1178933368e-02 4.0929793151e-02
4.1102991297e-02 4.1576041735e-02
4.1045365722e-02 4.2275762574e-02
4.1060360944e-02 4.2903433868e-02
4.1116573221e-02 4.3525900745e-02
4.1208722251e-02 4.4145657965e-02
4.1311131054e-02 4.4746208569e-02
4.1392659580e-02 4.5376833278e-02
4.1427265081e-02 4.6050895652e-02
4.1413362050e-02 4.6756046027e-02
4.1345313236e-02 4.7432595759e-02
4.1213304704e-02 4.8159369879e-02
4.1069398470e-02 4.8770633094e-02
4.0858684717e-02 4.9366081345e-02
4.0579501159e-02 4.9966371706e-02
4.0280564868e-02 5.0456100516e-02
3.9929189337e-02 5.0928837638e-02
3.9496435968e-02 5.1455917566e-02
3.9077724285e-02 5.1862130986e-02
3.8673370832e-02 5.2247438967e-02
3.8372411258e-02 5.2498123558e-02
3.8144541880e-02 5.2746928745e-02
3.8076790888e-02 5.2772248442e-02
3.8029341460e-02 5.2827831887e-02
3.7985187577e-02 5.3000036215e-02
3.8079726895e-02 5.2955996019e-02
3.8315429527e-02 5.2822622040e-02
3.8708244669e-02 5.2550377194e-02
3.9235768628e-02 5.2154689225e-02
3.9820590226e-02 5.1804699566e-02
4.0472595697e-02 5.1249045652e-02
4.1031380272e-02 5.0884783968e-02
4.1573888010e-02 5.0453435059e-02
4.2067085539e-02 5.0097720362e-02
4.2620558261e-02 4.9575360538e-02
4.3165403685e-02 4.9058519357e-02
4.3694935038e-02 4.8505545815e-02
4.4178435366e-02 4.7986718647e-02
4.4630806872e-02 4.7452598695e-02
4.5112122765e-02 4.6748942009e-02
4.5529039639e-02 4.6109366458e-02
4.5898313138e-02 4.5398311366e-02
4.6169825156e-02 4.4735929589e-02
4.6386762175e-02 4.4076075373e-02
4.6618914589e-02 4.3288503655e-02
4.6827595193e-02 4.2446775057e-02
4.6927072472e-02 4.1623177651e-02
4.6852849871e-02 4.0861603195e-02
4.6528753618e-02 4.0437725992e-02
4.6179461148e-02 3.9964729564e-02
4.5969458640e-02 3.9296460182e-02
4.5942736978e-02 3.8432219797e-02
4.6010188778e-02 3.7561676630e-02
4.6107481373e-02 3.6655361130e-02
4.6125916064e-02 3.5911801064e-02
4.6068623674e-02 3.5296300858e-02
4.5971717115e-02 3.4763432538e-02
4.5848168170e-02 3.4329949425e-02
4.5739603952e-02 3.3934767904e-02
4.5650019094e-02 3.3589671386e-02
4.5607551567e-02 3.3226280313e-02
4.5595092262e-02 3.2900595315e-02
4.5597898705e-02 3.2647747363e-02
4.5630503958e-02 3.2467953073e-02
4.5715740329e-02 3.2313341076e-02
4.5848437249e-02 3.2209928246e-02
4.5988889590e-02 3.2198268231e-02
4.6196285346e-02 3.2166273902e-02
4.6479335600e-02 3.2052976160e-02
4.6783545202e-02 3.1877219941e-02
4.7009304938e-02 3.1753585826e-02
4.7104989129e-02 3.1773296780e-02
