1.3935281439e-02 6.1982272040e-02
1.3863107607e-02 6.1916184371e-02
1.3511675921e-02 6.2140210486e-02
1.2822058623e-02 6.2213674073e-02
1.2068015465e-02 6.2314438552e-02
1.1366523811e-02 6.2024453050e-02
1.0834369234e-02 6.1357591162e-02
1.0393553117e-02 6.0745482850e-02
1.0227855152e-02 5.9997073069e-02
1.0131109895e-02 5.9521969183e-02
1.0147447028e-02 5.9150929218e-02
1.0215715478e-02 5.9019337531e-02
1.0361814163e-02 5.9002193986e-02
1.0522745939e-02 5.9110190318e-02
1.0745743527e-02 5.9065449663e-02
1.0953431735e-02 5.9122117423e-02
1.1148318162e-02 5.9026354772e-02
1.1286241961e-02 5.8988361539e-02
1.1373828451e-02 5.8929744338e-02
1.1400108693e-02 5.8934683497e-02
1.1414106743e-02 5.8885707955e-02
1.1366310794e-02 5.8918920980e-02
1.1331361088e-02 5.8766790395e-02
1.1252462606e-02 5.8582397241e-02
1.1088375148e-02 5.8518958192e-02
1.0925020806e-02 5.8344230615e-02
1.0751866902e-02 5.8183240798e-02
1.0569858470e-02 5.8036104392e-02
1.0415218600e-02 5.7873504975e-02
1.0215471164e-02 5.7818104800e-02
1.0063121705e-02 5.7685311545e-02
9.8784006101e-03 5.7675817402e-02
9.7576508370e-03 5.7581377464e-02
9.6152898026e-03 5.7664840141e-02
9.6147899672e-03 5.7527908371e-02
9.5898682973e-03 5.7589697760e-02
9.7263507779e-03 5.7419419765e-02
9.7867035922e-03 5.7572123754e-02
9.9741710878e-03 5.7544142292e-02
1.0189977284e-02 5.7618181807e-02
1.0465224488e-02 5.7666905834e-02
1.0743057061e-02 5.7861394981e-02
1.1107390049e-02 5.7901289242e-02
1.1357021487e-02 5.8228211956e-02
1.1616330752e-02 5.8467021723e-02
1.1770285371e-02 5.8794116453e-02
1.1840768399e-02 5.9087575193e-02
1.1857207581e-02 5.9330858706e-02
1.1825475585e-02 5.9381118780e-02
1.1731596084e-02 5.9349723202e-02
1.1537388684e-02 5.9235116362e-02
1.1237526408e-02 5.9205754442e-02
1.0650392922e-02 5.9687875413e-02
1.0722344532e-02 5.9109867371e-02
1.0531639415e-02 5.9322249127e-02
1.0579265975e-02 5.9253519589e-02
1.0663408822e-02 5.9368127478e-02
1.0965993140e-02 5.9301859097e-02
1.1336973221e-02 5.9345917223e-02
1.1786663030e-02 5.9435649403e-02
1.2314485470e-02 5.9534990361e-02
1.2889587203e-02 5.9628974199e-02
1.3470402321e-02 5.9763145644e-02
1.4126021673e-02 5.9539606837e-02
1.4548375611e-02 5.9702515374e-02
1.4906387228e-02 5.9684575510e-02
1.5137636115e-02 5.9715473997e-02
1.5325231746e-02 5.9638157822e-02
1.5367374381e-02 5.9766415131e-02
1.5468533131e-02 5.9523913302e-02
1.5349997513e-02 5.9698622954e-02
1.5260544546e-02 5.9668018361e-02
1.5237282092e-02 5.9488088357e-02
1.5216665517e-02 5.9320795006e-02
1.5247860393e-02 5.9004817746e-02
1.5160748437e-02 5.8907993813e-02
1.5112118919e-02 5.8689642296e-02
1.4982294299e-02 5.8791726104e-02
1.5096386175e-02 5.8391869002e-02
1.5120242522e-02 5.8417143716e-02
1.5309273695e-02 5.8040676859e-02
1.5381383683e-02 5.7908785074e-02
1.5357885073e-02 5.7899752835e-02
1.5341050054e-02 5.7759428758e-02
1.5306056832e-02 5.7665294939e-02
1.5294347717e-02 5.7521068822e-02
1.5328513364e-02 5.7331671935e-02
1.5355317713e-02 5.7278542367e-02
1.5516247072e-02 5.7012186338e-02
1.5666075589e-02 5.6846201965e-02
1.5832476496e-02 5.6532233139e-02
1.5820872269e-02 5.6493112665e-02
1.5732716775e-02 5.6445671870e-02
1.5629748237e-02 5.6366546006e-02
1.5591557299e-02 5.6189966907e-02
1.5571960816e-02 5.6103204891e-02
1.5672740509e-02 5.5822331639e-02
1.5735896047e-02 5.5687421122e-02
1.5750096284e-02 5.5665691420e-02
1.5781115703e-02 5.5579195328e-02
1.5758888917e-02 5.5653892079e-02
1.5788104011e-02 5.5561451274e-02
1.5743362940e-02 5.5717175044e-02
1.5734880150e-02 5.5772598234e-02
1.5752946393e-02 5.5792463780e-02
1.5707347796e-02 5.5958288534e-02
1.5709071137e-02 5.6041188258e-02
1.5691098745e-02 5.6188081182e-02
1.5682447265e-02 5.6352872527e-02
1.5725444376e-02 5.6451581333e-02
1.5766098098e-02 5.6594145153e-02
1.5746188774e-02 5.6855212394e-02
1.5762398994e-02 5.6971080653e-02
1.5681407213e-02 5.7330872379e-02
1.5666387340e-02 5.7454237967e-02
1.5586684722e-02 5.7783629613e-02
1.5564597564e-02 5.7937827432e-02
1.5498741181e-02 5.8256681477e-02
1.5494456056e-02 5.8437423654e-02
1.5530937016e-02 5.8601035678e-02
1.5588316483e-02 5.8791143987e-02
1.5725781519e-02 5.8800509547e-02
1.5820102166e-02 5.8969811043e-02
1.5951671417e-02 5.9042555101e-02
1.6066083603e-02 5.9081346011e-02
1.6085623750e-02 5.9318671642e-02
1.6103878314e-02 5.9496281300e-02
1.6113529112e-02 5.9732249538e-02
1.6209316555e-02 5.9841771248e-02
1.6389373314e-02 5.9854359941e-02
1.6563761012e-02 5.9973925363e-02
1.6790443994e-02 5.9914696651e-02
1.6917395194e-02 6.0006236071e-02
1.6945283783e-02 6.0219342475e-02
1.6966875575e-02 6.0348584306e-02
1.6948257137e-02 6.0681716871e-02
1.7165096045e-02 6.0430052718e-02
1.7258445698e-02 6.0516413740e-02
1.7332645674e-02 6.0515990541e-02
1.7299007979e-02 6.0544564373e-02
1.7111936848e-02 6.0770000607e-02
1.6902617427e-02 6.0909972663e-02
1.6691915581e-02 6.0997256329e-02
1.6473831054e-02 6.1075960727e-02
1.6232148474e-02 6.1143728700e-02
1.5978023269e-02 6.1099888597e-02
1.5575581348e-02 6.1359192239e-02
1.5174841652e-02 6.1586531788e-02
1.4867986889e-02 6.1619339861e-02
1.4564086772e-02 6.1778028541e-02
1.4330429046e-02 6.1800314094e-02
1.4071866672e-02 6.1906217787e-02
1.3818838955e-02 6.1932206445e-02
1.3524221597e-02 6.2012893626e-02
1.3213040411e-02 6.2127908633e-02
1.2935852969e-02 6.2202618514e-02
1.2700683045e-02 6.2221816838e-02
1.2482008569e-02 6.2233622752e-02
1.2241972832e-02 6.2334724998e-02
1.1985125860e-02 6.2472321675e-02
1.1804603809e-02 6.2420304617e-02
1.1552174323e-02 6.2576772616e-02
1.1358263323e-02 6.2621066112e-02
1.1175805818e-02 6.2664047650e-02
1.1049119064e-02 6.2694806470e-02
1.0984824512e-02 6.2682758026e-02
1.0971308540e-02 6.2602526234e-02
1.0967565340e-02 6.2573249742e-02
1.0947652482e-02 6.2629710971e-02
1.0965153658e-02 6.2605946667e-02
1.0992510334e-02 6.2605133311e-02
1.1004143818e-02 6.2692687336e-02
1.1052142704e-02 6.2719076727e-02
1.1119346966e-02 6.2768499179e-02
1.1239758703e-02 6.2712516089e-02
1.1300946151e-02 6.2802989436e-02
1.1421193119e-02 6.2733275633e-02
1.1466598776e-02 6.2835772850e-02
1.1547735942e-02 6.2843081155e-02
1.1626266090e-02 6.2816010917e-02
1.1657055012e-02 6.2876747084e-02
1.1651292592e-02 6.2908970270e-02
1.1555164951e-02 6.3131003390e-02
1.1551367151e-02 6.3100572109e-02
1.1493257242e-02 6.3285245895e-02
1.1530428352e-02 6.3310848097e-02
1.1602780031e-02 6.3329224823e-02
1.1659776692e-02 6.3458261724e-02
1.1792755225e-02 6.3397595135e-02
1.1817072939e-02 6.3656159954e-02
1.1929741777e-02 6.3679367476e-02
1.1982140374e-02 6.3892101549e-02
1.2090704845e-02 6.3958351016e-02
1.2137375178e-02 6.4143749938e-02
1.2100089832e-02 6.4462315586e-02
1.2083707699e-02 6.4661407164e-02
1.1999878249e-02 6.5028504819e-02
1.1970740985e-02 6.5246117786e-02
1.1911636654e-02 6.5553156977e-02
1.1889681475e-02 6.5684169421e-02
1.1780198865e-02 6.5970305055e-02
1.1618220950e-02 6.6314971009e-02
1.1541784472e-02 6.6425242385e-02
1.1360762700e-02 6.6806097008e-02
1.1346902620e-02 6.6701021590e-02
1.1115469033e-02 6.7105296612e-02
1.0986334857e-02 6.7111671601e-02
1.0748702355e-02 6.7318597809e-02
1.0555923784e-02 6.7311664083e-02
1.0268024590e-02 6.7512316907e-02
1.0024872997e-02 6.7548877331e-02
9.7409952332e-03 6.7689153871e-02
9.4734434084e-03 6.7840455250e-02
9.2581086200e-03 6.7895891442e-02
9.0436466967e-03 6.8050511921e-02
8.9036860710e-03 6.7993097770e-02
8.7049282822e-03 6.8126790451e-02
8.5496253302e-03 6.8168801051e-02
8.3580641772e-03 6.8345213969e-02
8.2435306266e-03 6.8387175436e-02
8.1328220032e-03 6.8525337323e-02
8.0943089223e-03 6.8556652911e-02
8.0319489392e-03 6.8727855780e-02
8.0357564960e-03 6.8804629402e-02
8.0623820847e-03 6.8872117907e-02
8.1089468830e-03 6.8971725044e-02
8.1774103168e-03 6.9047765453e-02
8.3399868925e-03 6.8885016115e-02
8.4549540037e-03 6.8892373940e-02
8.5998768550e-03 6.8692997551e-02
8.7652399555e-03 6.8408882812e-02
8.8450999705e-03 6.8193391244e-02
8.8383105228e-03 6.8066503552e-02
8.8366966901e-03 6.7833159395e-02
8.8461405726e-03 6.7680446885e-02
8.9460438850e-03 6.7322693339e-02
8.8759563418e-03 6.7427824117e-02
9.0297841091e-03 6.7111788119e-02
9.0913540256e-03 6.7087248191e-02
9.2130381070e-03 6.6902620357e-02
9.3417253906e-03 6.6786559623e-02
9.3120739514e-03 6.6654347207e-02
9.1492762731e-03 6.6867819650e-02
9.0341949095e-03 6.6878441515e-02
8.9554880200e-03 6.6878171153e-02
8.9112437172e-03 6.6964319660e-02
9.0064918929e-03 6.6971514664e-02
9.1429019700e-03 6.7072850635e-02
9.3693925523e-03 6.7091714064e-02
9.6198507620e-03 6.7154682524e-02
9.7578544338e-03 6.7492660661e-02
9.9145676273e-03 6.7767959000e-02
1.0106018449e-02 6.7891539138e-02
1.0296219510e-02 6.7943266085e-02
1.0303021193e-02 6.8038569047e-02
1.0177783957e-02 6.8166930066e-02
9.8775751676e-03 6.8319529140e-02
9.5077300352e-03 6.8454054364e-02
9.1997548366e-03 6.8419836190e-02
8.8802750802e-03 6.8500221067e-02
8.7247270558e-03 6.8276586896e-02
8.4868606437e-03 6.8377995734e-02
8.3255426116e-03 6.8311154010e-02
8.0984717356e-03 6.8526487966e-02
7.9800060059e-03 6.8520823934e-02
7.8527961491e-03 6.8676380757e-02
7.7430742705e-03 6.8843274484e-02
7.7277089128e-03 6.8787304912e-02
7.5722020905e-03 6.9153931300e-02
7.5188197324e-03 6.9232779746e-02
7.4259033858e-03 6.9472545259e-02
7.3548344820e-03 6.9677719875e-02
7.3306032584e-03 6.9792345950e-02
7.2713322958e-03 7.0010975333e-02
7.2749472342e-03 6.9997555243e-02
7.2011164582e-03 7.0104735104e-02
7.0949303014e-03 7.0139964326e-02
6.9030977935e-03 7.0194211318e-02
6.6375161769e-03 7.0225616835e-02
6.2852999220e-03 7.0322411202e-02
5.9090747230e-03 7.0474362773e-02
5.6629951560e-03 7.0430656930e-02
5.5577681965e-03 7.0149573824e-02
5.4168031668e-03 7.0153389984e-02
5.3912650373e-03 6.9868053137e-02
5.3245705434e-03 6.9839688320e-02
5.3264198033e-03 6.9689341448e-02
5.3611590184e-03 6.9544928551e-02
5.4192283335e-03 6.9468702725e-02
5.5296591103e-03 6.9400073487e-02
5.7355979142e-03 6.9184638072e-02
5.9969654860e-03 6.9007226325e-02
6.2855175226e-03 6.8793753402e-02
6.5596227329e-03 6.8579501587e-02
6.7903919116e-03 6.8392303206e-02
6.8899710845e-03 6.8422106310e-02
6.9872771048e-03 6.8288584208e-02
6.9765824466e-03 6.8363538759e-02
7.0696867381e-03 6.8166924272e-02
7.1714017567e-03 6.8091188584e-02
7.4841083767e-03 6.7575817302e-02
7.7760922586e-03 6.7076605569e-02
8.0275125181e-03 6.6541210566e-02
8.0737185011e-03 6.6310523225e-02
8.0013679753e-03 6.6103869564e-02
7.8841713948e-03 6.5872382607e-02
7.6626903588e-03 6.5984731593e-02
7.5550388676e-03 6.5739865696e-02
7.4780417573e-03 6.5712426774e-02
7.4747890923e-03 6.5415031071e-02
7.5501450904e-03 6.5237079999e-02
7.6125432535e-03 6.4929240022e-02
7.4755600123e-03 6.5023374465e-02
7.2969315734e-03 6.5147737159e-02
7.0858876748e-03 6.5273845316e-02
6.7767653984e-03 6.5651594618e-02
6.5362272410e-03 6.5865250532e-02
6.3210693463e-03 6.6089089185e-02
6.1989787113e-03 6.6087131972e-02
5.9596301574e-03 6.6370209978e-02
5.8495243574e-03 6.6326678809e-02
5.6492864102e-03 6.6570753398e-02
5.5521462034e-03 6.6597993745e-02
5.4154761282e-03 6.6772974564e-02
5.2822571655e-03 6.6972748107e-02
5.2374118609e-03 6.7080339549e-02
5.2368720768e-03 6.7133771280e-02
5.2064986713e-03 6.7268397825e-02
5.2124171731e-03 6.7360396560e-02
5.1507584039e-03 6.7606784052e-02
5.1476744047e-03 6.7737926309e-02
5.1546302117e-03 6.7783232992e-02
5.1016690208e-03 6.8060857696e-02
5.0847917292e-03 6.8145682548e-02
5.0832592532e-03 6.8246458128e-02
5.0906292867e-03 6.8316464794e-02
4.9869654494e-03 6.8591675759e-02
4.9432310701e-03 6.8680056292e-02
4.8465140894e-03 6.8952996551e-02
4.8527526679e-03 6.9030299319e-02
4.8582816410e-03 6.9181723876e-02
4.8919544708e-03 6.9290830661e-02
4.9788840420e-03 6.9230340181e-02
5.0182231794e-03 6.9349028149e-02
5.1210009610e-03 6.9208377595e-02
5.1211704620e-03 6.9379488589e-02
5.3119445404e-03 6.9094916617e-02
5.2893193149e-03 6.9376028293e-02
5.3212969138e-03 6.9377845942e-02
5.2855716773e-03 6.9512183707e-02
5.2288314840e-03 6.9694759073e-02
5.2027216281e-03 6.9831769926e-02
5.2824348229e-03 6.9872987180e-02
5.4950965607e-03 6.9732208774e-02
5.6963018274e-03 6.9718001968e-02
5.9073850900e-03 6.9627338908e-02
6.0095693413e-03 6.9674304824e-02
6.0106496906e-03 6.9855683442e-02
5.9661161863e-03 7.0075311203e-02
5.9928278639e-03 7.0181917648e-02
6.0467686217e-03 7.0305107661e-02
6.1481527037e-03 7.0312870531e-02
6.2251420708e-03 7.0457566682e-02
6.3678582161e-03 7.0413413890e-02
6.4878275938e-03 7.0300926363e-02
6.4748782314e-03 7.0307646778e-02
6.2978808912e-03 7.0470322749e-02
6.0745372338e-03 7.0610324239e-02
5.8765606036e-03 7.0705194267e-02
5.7969461659e-03 7.0591107761e-02
5.7374620394e-03 7.0435710387e-02
5.5977431016e-03 7.0410465689e-02
5.3237178699e-03 7.0589877108e-02
5.1230925727e-03 7.0522379199e-02
4.8721324011e-03 7.0678736880e-02
4.7253475572e-03 7.0610609920e-02
4.5939798143e-03 7.0601334766e-02
4.4900221449e-03 7.0442727454e-02
4.2286932405e-03 7.0620444272e-02
3.9774519475e-03 7.0677295929e-02
3.6982756451e-03 7.0816727485e-02
3.4244313565e-03 7.1016843872e-02
3.2560633122e-03 7.1090449603e-02
3.1295807961e-03 7.1249916106e-02
3.0895883928e-03 7.1342255022e-02
3.1264550334e-03 7.1375087834e-02
3.1383030114e-03 7.1522762525e-02
3.1729838850e-03 7.1561959914e-02
3.1149906151e-03 7.1765935082e-02
3.0013186606e-03 7.2064308232e-02
2.9445009597e-03 7.2182227606e-02
2.8620890294e-03 7.2451619507e-02
2.8464903881e-03 7.2539457667e-02
2.7548335487e-03 7.2829064643e-02
2.7006388935e-03 7.2999939304e-02
2.5732968324e-03 7.3378519737e-02
2.5144596186e-03 7.3576993535e-02
2.3933921050e-03 7.4014270521e-02
2.3345987698e-03 7.4319472383e-02
2.2642686260e-03 7.4754188482e-02
2.2264777490e-03 7.5185827775e-02
2.2243504270e-03 7.5553261706e-02
2.1509786966e-03 7.6116911161e-02
2.0280223774e-03 7.6748576666e-02
1.8791433873e-03 7.7407009020e-02
1.7289991020e-03 7.8113479523e-02
1.5698632232e-03 7.8834450039e-02
1.3951490621e-03 7.9568108879e-02
1.1556357957e-03 8.0434727598e-02
9.2466447131e-04 8.1283776363e-02
7.0620863408e-04 8.2136118931e-02
5.2110761192e-04 8.2878948836e-02
2.9594743812e-04 8.3700179950e-02
2.1762279116e-05 8.4546199633e-02
-2.4947756107e-04 8.5333341328e-02
-5.5298290425e-04 8.6131656386e-02
-8.4023293824e-04 8.6882619035e-02
-1.1141542707e-03 8.7615115404e-02
-1.3698556649e-03 8.8309831553e-02
-1.5991366214e-03 8.8951360673e-02
-1.8314302226e-03 8.9613025236e-02
-2.0227748839e-03 9.0262176575e-02
-2.0622751717e-03 9.0664977401e-02
-2.0689168101e-03 9.1147491569e-02
-1.9095027665e-03 9.1332441054e-02
-1.7513646800e-03 9.1612458875e-02
-1.5811780756e-03 9.1842347687e-02
-1.4086212543e-03 9.2110968748e-02
-1.1663988407e-03 9.2225054735e-02
-8.8548009916e-04 9.2323329285e-02
-5.5808704357e-04 9.2286547406e-02
-2.5911802235e-04 9.2258874214e-02
-2.6057391939e-05 9.2265454182e-02
1.9094667967e-04 9.2140242368e-02
3.2524478920e-04 9.2089385860e-02
4.1463855811e-04 9.2037353364e-02
5.5470990911e-04 9.1867303912e-02
8.0765617762e-04 9.1523082681e-02
1.1389673268e-03 9.1085877908e-02
1.5083505846e-03 9.0500873065e-02
1.7509236533e-03 8.9970310667e-02
1.7590116894e-03 8.9644967899e-02
1.5220633963e-03 8.9644821483e-02
1.3681072429e-03 8.9366522319e-02
1.3332660877e-03 8.9022918441e-02
1.5164959273e-03 8.8408314751e-02
1.8062650686e-03 8.7641434831e-02
2.1089083191e-03 8.6708644221e-02
2.1363144206e-03 8.6229007801e-02
2.0790457819e-03 8.5576701739e-02
1.9062935074e-03 8.4910780494e-02
1.5879588895e-03 8.4431448681e-02
1.2326802713e-03 8.3910796188e-02
9.2875694848e-04 8.3305288222e-02
6.9041034275e-04 8.2646472730e-02
5.1416095985e-04 8.2009674569e-02
4.1998666470e-04 8.1304054942e-02
3.4124328178e-04 8.0727615669e-02
3.4691288982e-04 8.0084081595e-02
3.9985548717e-04 7.9527119349e-02
5.3393948602e-04 7.8881070351e-02
6.8469581829e-04 7.8284409328e-02
8.0087116752e-04 7.7779044672e-02
9.2166253263e-04 7.7212122765e-02
1.0067091528e-03 7.6773409432e-02
1.1367777399e-03 7.6201084085e-02
1.2791951199e-03 7.5690160684e-02
1.4507706876e-03 7.5165553697e-02
1.7046967184e-03 7.4578367117e-02
1.9928420062e-03 7.4012233282e-02
2.3607533532e-03 7.3325834772e-02
2.6820291404e-03 7.2826889789e-02
3.0368961394e-03 7.2195003360e-02
3.3324803614e-03 7.1767764979e-02
3.6627922890e-03 7.1228474567e-02
3.9718458393e-03 7.0812954772e-02
4.3442023014e-03 7.0243661247e-02
4.6385654761e-03 6.9908423517e-02
4.9455732678e-03 6.9516450048e-02
5.2069145688e-03 6.9268018803e-02
5.4461184276e-03 6.9094113107e-02
5.6850796728e-03 6.8917215573e-02
5.8505092237e-03 6.8999525467e-02
6.0838017872e-03 6.8965193726e-02
6.3050100641e-03 6.9105172285e-02
6.5998005471e-03 6.9149854814e-02
6.8443490834e-03 6.9363695793e-02
7.0506124059e-03 6.9639659122e-02
7.1579958678e-03 7.0119626825e-02
7.2096584965e-03 7.0637186530e-02
7.2002750264e-03 7.1221424437e-02
7.0727434846e-03 7.2112906922e-02
6.9645903932e-03 7.2925270772e-02
6.8306162560e-03 7.3789653259e-02
6.6216162057e-03 7.4841732324e-02
6.3140130473e-03 7.6058596231e-02
5.9453877829e-03 7.7346966405e-02
5.5221096638e-03 7.8706380970e-02
5.0154058160e-03 8.0279582904e-02
4.5530674468e-03 8.1722718371e-02
4.0313795018e-03 8.3359019305e-02
3.5752014395e-03 8.4808277523e-02
2.9816944119e-03 8.6566987545e-02
2.3619478688e-03 8.8263896289e-02
1.6349783835e-03 9.0125874017e-02
8.4692287390e-04 9.2060598163e-02
8.0527948469e-05 9.3974979979e-02
-6.1905423729e-04 9.5796363840e-02
-1.2003612497e-03 9.7408148016e-02
-1.7670854238e-03 9.9065433414e-02
-2.3071077594e-03 1.0065156429e-01
-2.7909767349e-03 1.0208580621e-01
-3.2689799801e-03 1.0350734417e-01
-3.6832997394e-03 1.0475320530e-01
-4.0515853212e-03 1.0594301530e-01
-4.2480957268e-03 1.0679583193e-01
-4.3391685202e-03 1.0751416909e-01
-4.2678716569e-03 1.0792379527e-01
-4.1355705338e-03 1.0826030777e-01
-3.9002376038e-03 1.0844396408e-01
-3.5044964884e-03 1.0836147578e-01
-2.9854636473e-03 1.0819212563e-01
-2.3021548520e-03 1.0779452520e-01
-1.5372110926e-03 1.0746217057e-01
-6.1309702580e-04 1.0693105520e-01
3.5809092832e-04 1.0647231744e-01
1.3257521584e-03 1.0613517506e-01
2.2371608866e-03 1.0595306996e-01
3.0116320218e-03 1.0618077132e-01
3.8103461420e-03 1.0634973608e-01
4.5195878433e-03 1.0689285914e-01
5.3221576787e-03 1.0735978707e-01
6.2576366865e-03 1.0771496063e-01
7.4239421270e-03 1.0770186636e-01
8.7533418903e-03 1.0731664646e-01
1.0140257157e-02 1.0653540693e-01
1.1319628342e-02 1.0562843468e-01
1.2069664071e-02 1.0442521665e-01
1.1791187289e-02 1.0386833442e-01
1.0488584432e-02 1.0354762066e-01
7.9419198676e-03 1.0475654194e-01
5.4116832244e-03 1.0514313759e-01
3.2150938778e-03 1.0524684900e-01
1.7710718831e-03 1.0459399196e-01
9.2763265597e-04 1.0365415298e-01
5.0223190995e-04 1.0251140216e-01
1.8744994662e-04 1.0162837753e-01
-1.8944550852e-04 1.0109915674e-01
-6.9831755522e-04 1.0092428593e-01
-1.3954855868e-03 1.0120844110e-01
-2.1192317946e-03 1.0154261634e-01
-2.8853353885e-03 1.0207990587e-01
-3.5231754121e-03 1.0239924138e-01
-4.0205025889e-03 1.0250357458e-01
-4.3872826270e-03 1.0238283428e-01
-4.6095819766e-03 1.0202370839e-01
-4.6822599993e-03 1.0134554327e-01
-4.6485099862e-03 1.0044039270e-01
-4.5016414139e-03 9.9359241958e-02
-4.1980358963e-03 9.7938212900e-02
-3.7863810356e-03 9.6346350388e-02
-3.2963711483e-03 9.4680906670e-02
-2.6997253166e-03 9.2918935006e-02
-2.0004318943e-03 9.1234045447e-02
-1.1664309779e-03 8.9637304981e-02
-1.5971601032e-04 8.8097468142e-02
9.4791774400e-04 8.6540682935e-02
2.2182072557e-03 8.5080333542e-02
3.4815309507e-03 8.3629570765e-02
4.8785047922e-03 8.1988899726e-02
6.1746733469e-03 8.0656410167e-02
7.4652263674e-03 7.9385945413e-02
8.5926036001e-03 7.8532339934e-02
9.2670693317e-03 7.7728752596e-02
9.8959973200e-03 7.7283317973e-02
1.0356141234e-02 7.6653643659e-02
1.0795696723e-02 7.5725554081e-02
1.1132966702e-02 7.4879864675e-02
1.1419887694e-02 7.3969157874e-02
1.1598176913e-02 7.3157486135e-02
1.1740110843e-02 7.2288545921e-02
1.1813411447e-02 7.1476971398e-02
1.1856662822e-02 7.0673536342e-02
1.1852486765e-02 6.9979690389e-02
1.1869945450e-02 6.9238732410e-02
1.1840921120e-02 6.8238008081e-02
1.1954823986e-02 6.7644280919e-02
1.1989681578e-02 6.7018463529e-02
1.1862669401e-02 6.6507609867e-02
1.1734572746e-02 6.6340866128e-02
1.1589033237e-02 6.6138661866e-02
1.1412638783e-02 6.5868471970e-02
1.1148459894e-02 6.5589519377e-02
1.0800861506e-02 6.5415289130e-02
1.0379428334e-02 6.5394759717e-02
9.9330501665e-03 6.5481691493e-02
9.5225167146e-03 6.5561712940e-02
9.1151467675e-03 6.5775832060e-02
8.7981691411e-03 6.5877737181e-02
8.5222782846e-03 6.5994239098e-02
8.3769519703e-03 6.5903060847e-02
8.2420335868e-03 6.5847219470e-02
8.1402126063e-03 6.5706214885e-02
8.0146239969e-03 6.5570153347e-02
7.8621596932e-03 6.5451870073e-02
7.6964441315e-03 6.5339213632e-02
7.5716802464e-03 6.5172506111e-02
7.5084298490e-03 6.4997292063e-02
7.5640430988e-03 6.4706185112e-02
7.7108808550e-03 6.4401418085e-02
7.9624663948e-03 6.3976261621e-02
8.2145698044e-03 6.3668100592e-02
8.4591472041e-03 6.3407173196e-02
8.6666609991e-03 6.3264956348e-02
8.8503742391e-03 6.3195911563e-02
8.9958255943e-03 6.3288160812e-02
9.1574782239e-03 6.3424291396e-02
9.3413309421e-03 6.3606984201e-02
9.5447713509e-03 6.3857689771e-02
9.7712977267e-03 6.4114251003e-02
9.9947895880e-03 6.4474601264e-02
1.0196977832e-02 6.4909481738e-02
1.0387839381e-02 6.5363489870e-02
1.0502050958e-02 6.6034676034e-02
1.0610925158e-02 6.6686822513e-02
1.0660228084e-02 6.7468905574e-02
1.0647634640e-02 6.8340194984e-02
1.0522580775e-02 6.9398420918e-02
1.0333001219e-02 7.0588718919e-02
1.0134295546e-02 7.1774563248e-02
9.9349412807e-03 7.3060046911e-02
9.7509761762e-03 7.4351546856e-02
9.5597400905e-03 7.5690423710e-02
9.3269386284e-03 7.7171151307e-02
9.0637920109e-03 7.8684512281e-02
8.7543823900e-03 8.0312258298e-02
8.4030372919e-03 8.2108170266e-02
8.1460887390e-03 8.3759561755e-02
7.9264395845e-03 8.5512262468e-02
7.8313131768e-03 8.7095666115e-02
7.7193128956e-03 8.8784225674e-02
7.6302114689e-03 9.0390060076e-02
7.4341244580e-03 9.2230798649e-02
7.2944816508e-03 9.3838847142e-02
7.1183788001e-03 9.5539059816e-02
6.9750313285e-03 9.7163212210e-02
6.8979416084e-03 9.8634831183e-02
6.8586688982e-03 1.0006199886e-01
6.9221929172e-03 1.0124416341e-01
7.0004908692e-03 1.0241488972e-01
7.1337869659e-03 1.0338934699e-01
7.2825699587e-03 1.0424701446e-01
7.4082048658e-03 1.0510563469e-01
7.5452699189e-03 1.0589007882e-01
7.7639921014e-03 1.0645119173e-01
7.9737413528e-03 1.0708368904e-01
8.2563627130e-03 1.0749988854e-01
8.4577307620e-03 1.0813676977e-01
8.6849325012e-03 1.0867897359e-01
8.8896449833e-03 1.0931840768e-01
9.0885511628e-03 1.1001814249e-01
9.3542952092e-03 1.1059896681e-01
9.6143975125e-03 1.1131440677e-01
1.0020107378e-02 1.1170134801e-01
1.0433780636e-02 1.1214986566e-01
1.0975014203e-02 1.1217406497e-01
1.1373622031e-02 1.1231261533e-01
1.1585053533e-02 1.1238961323e-01
1.1526087223e-02 1.1235291857e-01
1.0985570585e-02 1.1271340450e-01
1.0150089484e-02 1.1310187473e-01
9.1852657014e-03 1.1342204665e-01
8.3393891287e-03 1.1331962602e-01
7.6428501472e-03 1.1295083685e-01
7.0250458091e-03 1.1266223242e-01
6.7999378489e-03 1.1150164095e-01
6.4590703158e-03 1.1082030679e-01
6.1783726548e-03 1.0974140646e-01
5.5423404506e-03 1.0936399946e-01
4.7681859139e-03 1.0921912943e-01
4.0847122583e-03 1.0892718736e-01
3.5581945425e-03 1.0847740751e-01
3.0897366792e-03 1.0822411946e-01
2.8667245154e-03 1.0763096108e-01
2.8016704889e-03 1.0701272330e-01
3.0367409982e-03 1.0598460913e-01
3.3593226632e-03 1.0500254194e-01
3.7482880464e-03 1.0375813435e-01
3.8980686703e-03 1.0272289926e-01
3.6862801044e-03 1.0212518183e-01
3.3938180350e-03 1.0141176934e-01
3.1887147396e-03 1.0060313173e-01
3.3541766218e-03 9.9317469342e-02
3.8124524654e-03 9.7841294484e-02
4.5491491392e-03 9.5815755157e-02
5.0950408681e-03 9.3958807680e-02
5.1990417522e-03 9.2693781204e-02
5.0592916912e-03 9.1410153740e-02
4.8046358967e-03 9.0225946286e-02
4.5534664533e-03 8.9201189311e-02
4.6130040162e-03 8.7825185482e-02
4.6749791649e-03 8.6743399340e-02
4.8533520916e-03 8.5684739616e-02
5.1107631861e-03 8.4641291644e-02
5.4186721818e-03 8.3710572700e-02
5.8093448257e-03 8.2788038834e-02
6.2713415776e-03 8.1804143158e-02
6.7031162438e-03 8.0843428761e-02
6.9846459483e-03 8.0093241938e-02
7.1247149671e-03 7.9570377158e-02
7.2948289265e-03 7.8863560206e-02
7.4782375715e-03 7.8194578771e-02
7.6754708017e-03 7.7604515729e-02
8.0226425334e-03 7.6641917550e-02
8.3848287704e-03 7.5942293126e-02
8.6841738600e-03 7.5314760673e-02
8.7419851349e-03 7.5265703998e-02
9.3866547239e-03 7.4058462016e-02
9.2146353205e-03 7.4015928045e-02
9.0500176927e-03 7.3826816587e-02
8.9671909316e-03 7.2862566065e-02
8.7606681439e-03 7.2630913396e-02
8.2980925733e-03 7.2287142403e-02
7.9087040758e-03 7.2216673037e-02
7.5042577678e-03 7.2399700161e-02
7.3364580310e-03 7.2271967045e-02
7.1545541207e-03 7.2403356995e-02
7.1545541955e-03 7.2302654691e-02
7.1505714678e-03 7.2335394908e-02
7.1501724167e-03 7.2376117569e-02
7.1141604958e-03 7.2534194585e-02
7.0752373999e-03 7.2739688237e-02
7.0598455445e-03 7.2918559142e-02
7.0447309556e-03 7.3105764732e-02
7.0361734587e-03 7.3285223107e-02
7.0347548113e-03 7.3407005412e-02
7.0582474688e-03 7.3381812802e-02
7.0344448339e-03 7.3343798957e-02
6.9643707570e-03 7.3292889035e-02
6.8322880007e-03 7.3238322240e-02
6.6621202688e-03 7.3149071857e-02
6.3851471575e-03 7.3296656046e-02
6.1737589950e-03 7.3226814353e-02
5.8751666088e-03 7.3393881916e-02
5.5754219182e-03 7.3571083394e-02
5.2997307356e-03 7.3657245399e-02
5.0288674677e-03 7.3742784570e-02
4.7803741390e-03 7.3801656652e-02
4.5577371525e-03 7.3823989609e-02
4.2987522207e-03 7.3943409255e-02
4.0996280078e-03 7.3980258223e-02
3.8514796175e-03 7.4284135854e-02
3.6800186999e-03 7.4480639777e-02
3.5128527660e-03 7.4805292751e-02
3.4599936871e-03 7.4910998353e-02
3.4092798052e-03 7.5157575607e-02
3.4585177687e-03 7.5152892326e-02
3.6117179604e-03 7.5040813761e-02
3.7365466497e-03 7.5106208076e-02
4.0249432244e-03 7.4916111022e-02
4.3680457280e-03 7.4784696749e-02
4.7733124797e-03 7.4644799899e-02
5.2245746142e-03 7.4583582910e-02
5.7856648040e-03 7.4297523776e-02
6.3706550514e-03 7.4032784099e-02
6.9196436907e-03 7.3807638024e-02
7.4734930219e-03 7.3447612862e-02
7.9732365425e-03 7.3034084715e-02
8.4097384835e-03 7.2632999115e-02
8.8085404709e-03 7.2104047694e-02
9.1325578412e-03 7.1573976156e-02
9.4323145025e-03 7.0963716288e-02
9.6419220401e-03 7.0482620092e-02
9.8578997860e-03 6.9901235092e-02
1.0072486755e-02 6.9333795193e-02
1.0220305876e-02 6.8929679857e-02
1.0399994050e-02 6.8410605053e-02
1.0493304570e-02 6.8164715659e-02
1.0633340239e-02 6.7847995211e-02
1.0767583544e-02 6.7665137048e-02
1.0996364068e-02 6.7427633357e-02
1.1318500320e-02 6.7193989970e-02
1.1754265964e-02 6.6829986446e-02
1.2186614719e-02 6.6538716172e-02
1.2550286062e-02 6.6344472151e-02
1.2817336393e-02 6.6217847101e-02
1.2878338214e-02 6.6288301341e-02
1.2788935512e-02 6.6424843938e-02
1.2513705413e-02 6.6768213712e-02
1.2187736322e-02 6.7158109127e-02
1.2001718789e-02 6.7279339277e-02
1.1911391162e-02 6.7397616708e-02
1.1962307916e-02 6.7397413933e-02
1.2077535815e-02 6.7424989597e-02
1.2228243996e-02 6.7423905103e-02
1.2250710408e-02 6.7798802817e-02
1.2245992229e-02 6.8229152342e-02
1.2115003806e-02 6.9027246136e-02
1.1997665574e-02 6.9842070551e-02
1.1854878934e-02 7.0790300827e-02
1.1767969804e-02 7.1587213980e-02
1.1713460393e-02 7.2235532898e-02
1.1463138054e-02 7.3020905994e-02
1.1162640738e-02 7.3720475805e-02
1.0727475404e-02 7.4438299591e-02
1.0117038802e-02 7.5373109523e-02
9.4535607521e-03 7.6274214531e-02
8.7327238498e-03 7.7315051889e-02
8.0993487305e-03 7.8155961268e-02
7.5540823327e-03 7.8884997014e-02
7.1006130412e-03 7.9513388018e-02
6.8068840066e-03 7.9880888855e-02
6.6375230824e-03 8.0067539392e-02
6.5848894710e-03 8.0162437092e-02
6.6223853623e-03 8.0171933258e-02
6.7392344380e-03 8.0321225526e-02
6.9713209688e-03 8.0460134114e-02
7.3996946232e-03 8.0668911345e-02
7.8720996993e-03 8.1191736527e-02
8.5098463232e-03 8.1653164822e-02
9.1949363181e-03 8.2193718642e-02
1.0069237622e-02 8.2598690345e-02
1.1070334136e-02 8.2724468196e-02
1.2164740977e-02 8.3024577180e-02
1.2995349703e-02 8.3197171886e-02
1.3722679965e-02 8.3925936630e-02
1.4170862322e-02 8.4200700788e-02
1.4752472756e-02 8.4556828322e-02
1.5192535048e-02 8.4601257739e-02
1.5693114766e-02 8.4411003453e-02
1.5839362047e-02 8.4567050188e-02
1.6003327289e-02 8.4279463387e-02
1.6226412243e-02 8.4276258457e-02
1.6376571212e-02 8.3632896211e-02
1.6598964452e-02 8.3340795807e-02
1.6707607226e-02 8.2753446269e-02
1.6876677145e-02 8.2399576128e-02
1.6892638313e-02 8.2155741252e-02
1.6704834588e-02 8.2030054280e-02
1.6129840348e-02 8.2351539590e-02
1.5348519564e-02 8.2491222046e-02
1.4318825808e-02 8.2650377235e-02
1.3173484865e-02 8.2577751773e-02
1.2009173829e-02 8.2364413914e-02
1.0882792683e-02 8.2037836940e-02
9.9232957559e-03 8.1487673639e-02
8.8933485051e-03 8.1526568692e-02
7.8444979408e-03 8.1907094180e-02
7.0151553337e-03 8.1727954275e-02
6.5880913652e-03 8.1440677488e-02
6.1770543132e-03 8.0794528693e-02
6.0104359599e-03 8.0177584819e-02
5.9709334424e-03 7.9190688195e-02
6.1315679328e-03 7.8748583875e-02
6.1785251227e-03 7.8367805351e-02
6.4503018833e-03 7.7831376545e-02
6.8612554098e-03 7.7346287696e-02
7.2328443501e-03 7.6515208113e-02
7.4905579554e-03 7.5538000576e-02
7.6708669763e-03 7.4306208488e-02
7.5104361111e-03 7.3129546680e-02
7.2577519556e-03 7.2293537965e-02
6.7565448500e-03 7.1169406880e-02
6.3508765555e-03 7.0260839426e-02
5.9641746599e-03 6.9290255054e-02
5.9753670886e-03 6.8034594691e-02
6.1478345028e-03 6.6930203480e-02
6.4735649860e-03 6.5477152008e-02
7.0194373302e-03 6.4209024702e-02
7.4211645067e-03 6.3463610984e-02
8.2031750271e-03 6.2169395328e-02
8.4977170130e-03 6.2066249041e-02
9.2675964250e-03 6.1103211807e-02
9.7032595893e-03 6.1076786989e-02
1.0253914129e-02 6.0463896357e-02
1.0655970610e-02 5.9983899409e-02
1.0630701175e-02 6.0028741874e-02
1.1038931600e-02 5.8796852235e-02
1.1036167338e-02 5.8040068933e-02
1.0818523604e-02 5.7685779476e-02
1.0271650090e-02 5.7243834335e-02
9.7199752487e-03 5.7097863280e-02
9.0710573459e-03 5.7162302916e-02
8.4996139828e-03 5.7260831199e-02
7.9795867678e-03 5.7380984714e-02
7.6072456285e-03 5.7484476650e-02
7.3350195577e-03 5.7591364938e-02
7.1078761961e-03 5.7838051744e-02
7.0338652031e-03 5.8036715983e-02
6.9575072273e-03 5.8464018278e-02
6.8830523418e-03 5.9037292948e-02
6.7859099526e-03 5.9785660580e-02
6.7114414856e-03 6.0476591002e-02
6.5786249912e-03 6.1184943260e-02
6.3367200644e-03 6.1856777336e-02
5.9692817556e-03 6.2495054974e-02
5.4459669007e-03 6.3152867269e-02
4.8370014841e-03 6.3723554903e-02
4.1485976375e-03 6.4249948650e-02
3.3826998106e-03 6.4860763186e-02
2.6452625617e-03 6.5436501407e-02
2.0375305088e-03 6.5790605216e-02
1.4493164217e-03 6.6349563803e-02
1.0283743448e-03 6.6770170851e-02
5.0438672930e-04 6.7507815316e-02
3.4940561760e-04 6.7863051369e-02
6.1669439648e-05 6.8546809201e-02
-1.6414564983e-04 6.9252235187e-02
-3.0120430282e-04 6.9825084050e-02
-4.2027550051e-04 7.0430187852e-02
-5.2702364120e-04 7.0973332216e-02
-7.0188793567e-04 7.1586941532e-02
-9.2340504964e-04 7.2140416375e-02
-1.1779125301e-03 7.2668566099e-02
-1.4672287235e-03 7.3178461377e-02
-1.7651453693e-03 7.3654127053e-02
-1.9955950134e-03 7.3960891344e-02
-2.2083185685e-03 7.4300916542e-02
-2.3863070126e-03 7.4592505115e-02
-2.5008197552e-03 7.4833214529e-02
-2.6479479169e-03 7.5215964446e-02
-2.7014589912e-03 7.5449172520e-02
-2.7868718034e-03 7.5800180053e-02
-2.8341757871e-03 7.5989916976e-02
-2.9232739357e-03 7.6262207159e-02
-3.0407949918e-03 7.6435304031e-02
-3.2673835833e-03 7.6734383016e-02
-3.4991824521e-03 7.6979567075e-02
-3.7686753744e-03 7.7263267144e-02
-4.0318051790e-03 7.7526963386e-02
-4.2672765683e-03 7.7763316213e-02
-4.4828228225e-03 7.8012953859e-02
-4.6717365919e-03 7.8262044675e-02
-4.8347198454e-03 7.8543689923e-02
-4.9091253561e-03 7.8721763779e-02
-4.9592433700e-03 7.8948916618e-02
-4.9701042977e-03 7.9076930904e-02
-5.0379899344e-03 7.9330345676e-02
-5.0984387885e-03 7.9525461141e-02
-5.1813754511e-03 7.9757057729e-02
-5.2251199143e-03 7.9940123041e-02
-5.2266374537e-03 8.0068764623e-02
-5.2260392286e-03 8.0217641066e-02
-5.1454460315e-03 8.0287581208e-02
-5.0266446771e-03 8.0328932227e-02
-4.9054367150e-03 8.0414544885e-02
-4.7384466858e-03 8.0453847508e-02
-4.5282019388e-03 8.0378776786e-02
-4.3428393468e-03 8.0395224375e-02
-4.1831766794e-03 8.0335942541e-02
-4.0588072239e-03 8.0244651838e-02
-4.0005098399e-03 8.0190931529e-02
-3.9762481087e-03 8.0088349861e-02
-4.0087762165e-03 8.0037546068e-02
-3.9619928043e-03 7.9790711906e-02
-3.9276015556e-03 7.9619121631e-02
-3.8064389706e-03 7.9283903996e-02
-3.7020875115e-03 7.9103545016e-02
-3.5163500484e-03 7.8793484226e-02
-3.3178294870e-03 7.8567686021e-02
-3.0680439478e-03 7.8228405153e-02
-2.8583698882e-03 7.8018681777e-02
-2.6499886985e-03 7.7728983149e-02
-2.5084418202e-03 7.7567898943e-02
-2.3896284434e-03 7.7393330158e-02
-2.2607994405e-03 7.7239231120e-02
-2.1450177200e-03 7.7175613831e-02
-1.8543845062e-03 7.6767000221e-02
-1.6526214505e-03 7.6613936163e-02
-1.3865287995e-03 7.6131091488e-02
-1.3004334420e-03 7.6040341647e-02
-1.1749282842e-03 7.5715020315e-02
-1.0440859996e-03 7.5427437254e-02
-8.4281090643e-04 7.5037982557e-02
-5.8306712029e-04 7.4563619446e-02
-3.5129357271e-04 7.4137520756e-02
-1.7177865821e-04 7.3669336419e-02
-1.0410598717e-04 7.3408097474e-02
-2.2798294331e-05 7.2999445307e-02
3.6422973582e-05 7.2655901043e-02
1.2578262081e-04 7.2244042434e-02
2.0324802062e-04 7.1889061347e-02
3.0669726811e-04 7.1464007146e-02
3.8558948521e-04 7.1129247169e-02
4.5965497194e-04 7.0806850744e-02
5.6060695047e-04 7.0421816564e-02
6.2278507496e-04 7.0181742441e-02
7.4937551444e-04 6.9815390601e-02
9.0628810793e-04 6.9453514791e-02
1.1448744428e-03 6.8962611600e-02
1.4157794781e-03 6.8464696921e-02
1.7047152636e-03 6.7931981463e-02
1.9537189012e-03 6.7475010752e-02
2.2680126957e-03 6.6918220605e-02
2.6299966199e-03 6.6303994362e-02
3.0503485054e-03 6.5645785463e-02
3.5718393368e-03 6.4778360520e-02
4.0181749581e-03 6.4092575633e-02
4.5070743307e-03 6.3242358596e-02
4.9413928167e-03 6.2457231437e-02
5.3558603680e-03 6.1622391571e-02
5.7034196424e-03 6.0881634726e-02
6.0458146020e-03 6.0043360050e-02
6.3145692577e-03 5.9353953699e-02
6.5590620789e-03 5.8793650145e-02
6.8747470874e-03 5.8129734939e-02
7.1532415985e-03 5.7718407193e-02
7.4772327014e-03 5.7231377484e-02
7.7951941986e-03 5.6842146428e-02
8.1098895689e-03 5.6656727367e-02
8.5234598866e-03 5.6212943713e-02
8.9136647459e-03 5.6015889469e-02
9.3578819434e-03 5.5641461126e-02
9.6585961236e-03 5.5569875031e-02
9.9058861945e-03 5.5375731375e-02
9.9699381374e-03 5.5355560948e-02
9.8890259332e-03 5.5392654509e-02
9.7307048201e-03 5.5431388710e-02
9.6388864764e-03 5.5189453168e-02
9.4475467019e-03 5.5452269502e-02
9.3851505722e-03 5.5084891825e-02
9.2962342147e-03 5.5158347771e-02
9.2105567164e-03 5.5169587957e-02
9.1385815538e-03 5.5181809771e-02
9.0354074778e-03 5.5244002197e-02
8.9098973975e-03 5.5420640003e-02
8.7575534806e-03 5.5601577609e-02
8.6746444684e-03 5.5687811234e-02
8.4807552105e-03 5.5998409641e-02
8.3449158989e-03 5.5994232911e-02
8.1410231671e-03 5.6124277969e-02
7.9515496871e-03 5.6066831020e-02
7.7902971335e-03 5.5885042221e-02
7.4712618395e-03 5.6432273016e-02
7.3025411613e-03 5.6543415628e-02
7.0364043523e-03 5.7228409279e-02
6.9026665380e-03 5.7860063712e-02
7.1520163440e-03 5.8157014196e-02
7.3792315974e-03 5.8380160444e-02
7.8287261286e-03 5.8528111779e-02
8.3810070985e-03 5.8453361021e-02
8.8579293902e-03 5.8748098288e-02
9.3887071364e-03 5.8923513864e-02
9.8171688606e-03 5.9318124953e-02
1.0183886712e-02 5.9688741148e-02
1.0481594530e-02 5.9952040353e-02
1.0658276190e-02 6.0361095660e-02
1.0800038780e-02 6.0581031249e-02
1.0860751469e-02 6.0813351937e-02
1.0906686689e-02 6.0861211547e-02
1.0818748916e-02 6.1014106778e-02
1.0854734733e-02 6.0983201943e-02
1.0880478120e-02 6.0913497591e-02
1.0929244957e-02 6.0950916579e-02
1.1060845304e-02 6.0934318587e-02
1.1196456404e-02 6.1035117835e-02
1.1348624707e-02 6.1252454985e-02
1.1554963045e-02 6.1327053937e-02
1.1794188153e-02 6.1348040151e-02
1.2001719050e-02 6.1458912319e-02
1.2146452941e-02 6.1528070685e-02
1.2232649733e-02 6.1723582894e-02
1.2207287391e-02 6.2085821275e-02
1.2249916613e-02 6.2302802647e-02
1.2318034459e-02 6.2515705738e-02
1.2472546328e-02 6.2615362085e-02
1.2662524598e-02 6.2628127539e-02
1.2841282302e-02 6.2631190768e-02
1.2930966663e-02 6.2678537967e-02
1.2985028309e-02 6.2445117828e-02
1.2684999308e-02 6.2864084239e-02
1.2339436269e-02 6.3058443171e-02
1.1976405698e-02 6.3178487197e-02
1.1617563067e-02 6.3293156901e-02
1.1355758751e-02 6.3227960425e-02
1.1175662999e-02 6.3098296678e-02
1.1154231543e-02 6.2667941753e-02
1.1163767142e-02 6.2291647870e-02
1.1246013682e-02 6.1711711051e-02
1.1246254689e-02 6.1233346699e-02
1.1145313574e-02 6.0862541683e-02
1.0988147800e-02 6.0530096011e-02
1.0831248166e-02 6.0178579493e-02
1.0651582350e-02 5.9900408943e-02
1.0496382660e-02 5.9660984882e-02
1.0428188182e-02 5.9323727174e-02
1.0374964439e-02 5.9036242869e-02
1.0380551303e-02 5.8694419707e-02
1.0373334976e-02 5.8449148914e-02
1.0441666692e-02 5.8183858720e-02
1.0590098463e-02 5.7895742797e-02
1.0780018616e-02 5.7566709424e-02
1.0979289451e-02 5.7082653006e-02
1.0916699210e-02 5.7130681575e-02
1.0891171955e-02 5.6917259943e-02
1.0893648710e-02 5.6630747039e-02
1.0987219427e-02 5.6260909220e-02
1.1181780257e-02 5.5666071047e-02
1.1331431819e-02 5.5104732951e-02
1.1366051548e-02 5.4550124611e-02
1.1194723149e-02 5.4337303309e-02
1.1028272304e-02 5.3992228667e-02
1.0918813683e-02 5.3635100058e-02
1.0910104313e-02 5.3246390102e-02
1.0979513397e-02 5.2842058741e-02
1.1114419924e-02 5.2510471251e-02
1.1301881632e-02 5.2149650338e-02
1.1445107093e-02 5.1986868447e-02
1.1618996501e-02 5.1771035282e-02
1.1760409200e-02 5.1672241142e-02
1.1846720686e-02 5.1616586040e-02
1.1874297574e-02 5.1658144085e-02
1.1833718933e-02 5.1743300319e-02
1.1732827347e-02 5.1886604700e-02
1.1577878667e-02 5.2062794045e-02
1.1414311385e-02 5.2225244304e-02
1.1272686186e-02 5.2295844071e-02
1.1101823108e-02 5.2401554613e-02
1.0876256020e-02 5.2617054585e-02
1.0681121605e-02 5.2754039377e-02
1.0472243521e-02 5.3005359774e-02
1.0302833719e-02 5.3245923184e-02
1.0212535036e-02 5.3480399687e-02
1.0202670887e-02 5.3691591664e-02
1.0321776940e-02 5.3793396318e-02
1.0455841350e-02 5.3951185258e-02
1.0601708647e-02 5.4112595065e-02
1.0725958359e-02 5.4267973733e-02
1.0744388443e-02 5.4550343940e-02
1.0730283824e-02 5.4808130405e-02
1.0672748647e-02 5.5097471150e-02
1.0685229605e-02 5.5252465456e-02
1.0678504756e-02 5.5477101057e-02
1.0739548084e-02 5.5573078288e-02
1.0777763663e-02 5.5644007129e-02
1.0703284714e-02 5.5939932493e-02
1.0645643795e-02 5.6084185385e-02
1.0550406189e-02 5.6248391351e-02
1.0448011013e-02 5.6372461733e-02
1.0337503419e-02 5.6499924590e-02
1.0208521109e-02 5.6632408479e-02
1.0102093072e-02 5.6746179834e-02
9.9587014333e-03 5.6935702985e-02
9.7820401463e-03 5.7180379235e-02
9.5776611240e-03 5.7499602317e-02
9.4013905018e-03 5.7870986534e-02
9.3674823213e-03 5.8062479827e-02
9.5043323324e-03 5.8186469362e-02
9.7805493231e-03 5.8179845191e-02
1.0153096520e-02 5.7922946283e-02
1.0254761887e-02 5.8302149764e-02
1.0375655282e-02 5.8447154874e-02
1.0480089575e-02 5.8633393679e-02
1.0578686484e-02 5.8820573351e-02
1.0696042782e-02 5.8915830518e-02
1.0785714784e-02 5.9041284691e-02
1.0789130823e-02 5.9215044168e-02
1.0810679690e-02 5.9318496832e-02
1.0825878608e-02 5.9373379765e-02
1.0801959279e-02 5.9417303386e-02
1.0699491992e-02 5.9539421577e-02
1.0503657219e-02 5.9663659987e-02
1.0236046665e-02 5.9773076515e-02
9.9522920020e-03 5.9865494210e-02
9.6936709886e-03 5.9861866765e-02
9.3648914267e-03 6.0147491845e-02
9.3874453318e-03 5.9837463772e-02
9.2873411581e-03 5.9963993905e-02
9.2687123192e-03 5.9942864499e-02
9.2277297002e-03 6.0040748076e-02
9.2441436615e-03 6.0011718571e-02
9.2940535097e-03 5.9966610840e-02
9.3694765827e-03 5.9909499247e-02
9.4989128349e-03 5.9775181431e-02
9.6287036485e-03 5.9641272234e-02
9.7703953963e-03 5.9460586461e-02
9.8756871813e-03 5.9321355709e-02
9.9289331863e-03 5.9206641741e-02
9.9350412045e-03 5.9134259574e-02
9.9085701373e-03 5.9142569885e-02
9.9766730862e-03 5.8989857037e-02
1.0034298916e-02 5.8943930178e-02
1.0144874950e-02 5.8813094586e-02
1.0285382434e-02 5.8699286259e-02
1.0453726563e-02 5.8607413182e-02
1.0683833559e-02 5.8458982320e-02
1.0929549840e-02 5.8402140936e-02
1.1249964630e-02 5.8251090473e-02
1.1522525332e-02 5.8251171288e-02
1.1832839803e-02 5.8155637834e-02
1.2073987805e-02 5.8142883003e-02
1.2201614461e-02 5.8168400176e-02
1.2326528676e-02 5.8127516860e-02
1.2374986167e-02 5.8084391173e-02
1.2413445107e-02 5.7985446524e-02
1.2397630970e-02 5.7953166927e-02
1.2409644050e-02 5.7817818756e-02
1.2382156841e-02 5.7819768441e-02
1.2411603450e-02 5.7711430230e-02
1.2431602726e-02 5.7672129089e-02
