-4.3591719205e-03 1.0098682355e-01
-3.9293982098e-03 1.0040519300e-01
-3.7598556095e-03 1.0064551477e-01
-3.6334308178e-03 1.0087101294e-01
-3.6756873451e-03 1.0132773462e-01
-3.7742149330e-03 1.0170951466e-01
-4.0055659776e-03 1.0236122639e-01
-4.2262765350e-03 1.0294466647e-01
-4.4532512780e-03 1.0369622762e-01
-4.5063867166e-03 1.0424680536e-01
-4.4114397129e-03 1.0469475897e-01
-4.2361703103e-03 1.0506776270e-01
-4.1596104499e-03 1.0570845340e-01
-4.1608914062e-03 1.0642059493e-01
-4.2146828057e-03 1.0718805289e-01
-4.2799061110e-03 1.0797497366e-01
-4.3198446361e-03 1.0873018453e-01
-4.3618716673e-03 1.0950905324e-01
-4.3824093291e-03 1.1022922561e-01
-4.4283231453e-03 1.1101451951e-01
-4.4593249143e-03 1.1170346744e-01
-4.5482900515e-03 1.1251305570e-01
-4.6195097134e-03 1.1318038557e-01
-4.7458687145e-03 1.1392083003e-01
-4.8739105623e-03 1.1460368480e-01
-4.9318785171e-03 1.1512538581e-01
-4.9583352610e-03 1.1562643570e-01
-4.8877592989e-03 1.1591424603e-01
-4.7716474226e-03 1.1605812378e-01
-4.7189573829e-03 1.1628325135e-01
-4.7268039319e-03 1.1654276368e-01
-4.6820597952e-03 1.1656964313e-01
-4.6834727440e-03 1.1670009501e-01
-4.6581323568e-03 1.1673590701e-01
-4.6049338383e-03 1.1672316048e-01
-4.4908331290e-03 1.1664379686e-01
-4.3002105615e-03 1.1649217853e-01
-3.9839613326e-03 1.1610491607e-01
-3.6550990111e-03 1.1577751316e-01
-3.2785015479e-03 1.1532158841e-01
-2.8810152899e-03 1.1472184689e-01
-2.5717931326e-03 1.1414521448e-01
-2.3707989522e-03 1.1357447960e-01
-2.2452365409e-03 1.1296551380e-01
-2.1594808830e-03 1.1232536925e-01
-1.9816844582e-03 1.1131919665e-01
-1.9074505578e-03 1.1038977936e-01
-1.9951404170e-03 1.0950460828e-01
-2.3027947784e-03 1.0874744921e-01
-2.7985597107e-03 1.0819473829e-01
-3.2960317752e-03 1.0762705159e-01
-3.5750749703e-03 1.0673445188e-01
-3.6932633870e-03 1.0570514519e-01
-3.6825603725e-03 1.0451017303e-01
-3.6622741752e-03 1.0332977895e-01
-3.7036681695e-03 1.0218589250e-01
-3.8574768374e-03 1.0106435890e-01
-4.2857163305e-03 1.0022065537e-01
-5.0031464806e-03 9.9707997913e-02
-5.9298443239e-03 9.9486663190e-02
-6.7703253221e-03 9.9121818112e-02
-7.4458273939e-03 9.8709264421e-02
-7.8366920598e-03 9.8005484191e-02
-8.0778035288e-03 9.7352109792e-02
-8.1967468643e-03 9.6624100045e-02
-8.2663677819e-03 9.5854565700e-02
-8.4395496646e-03 9.5353836191e-02
-8.7186953547e-03 9.5074893909e-02
-8.9907759889e-03 9.4791373628e-02
-9.2702642422e-03 9.4641190243e-02
-9.5525819474e-03 9.4615826420e-02
-9.8051127572e-03 9.4668514263e-02
-9.9882312154e-03 9.4722913560e-02
-1.0097295962e-02 9.4781117711e-02
-1.0166633069e-02 9.4905714119e-02
-1.0216623315e-02 9.5106854931e-02
-1.0208380726e-02 9.5289508464e-02
-1.0193658784e-02 9.5562256104e-02
-1.0191669784e-02 9.5926387200e-02
-1.0198474640e-02 9.6365954773e-02
-1.0260497868e-02 9.6930880995e-02
-1.0386565314e-02 9.7680075290e-02
-1.0513562779e-02 9.8473191547e-02
-1.0628258163e-02 9.9395049651e-02
-1.0657676836e-02 1.0023940056e-01
-1.0611040769e-02 1.0106147560e-01
-1.0596142963e-02 1.0203687895e-01
-1.0558529765e-02 1.0292355092e-01
-1.0660568396e-02 1.0410916371e-01
-1.0801718382e-02 1.0532640050e-01
-1.0946479007e-02 1.0659379194e-01
-1.1052045244e-02 1.0784689686e-01
-1.1128706302e-02 1.0914221733e-01
-1.1133117528e-02 1.1037154802e-01
-1.1081560556e-02 1.1155624820e-01
-1.1022592934e-02 1.1281993714e-01
-1.0896651550e-02 1.1393860066e-01
-1.0794067812e-02 1.1505546122e-01
-1.0784425694e-02 1.1630161971e-01
-1.0770315674e-02 1.1748835911e-01
-1.0748795093e-02 1.1862255225e-01
-1.0677458213e-02 1.1964126257e-01
-1.0590645633e-02 1.2053865530e-01
-1.0618167290e-02 1.2156275095e-01
-1.0741926357e-02 1.2259194534e-01
-1.0939171947e-02 1.2356958088e-01
-1.1157252597e-02 1.2449374784e-01
-1.1364283110e-02 1.2540884354e-01
-1.1387212025e-02 1.2589675255e-01
-1.1401494717e-02 1.2641837022e-01
-1.1382537371e-02 1.2666730811e-01
-1.1558771559e-02 1.2713606714e-01
-1.1905764673e-02 1.2765877239e-01
-1.2351359828e-02 1.2816180925e-01
-1.2764003812e-02 1.2853795295e-01
-1.3019841591e-02 1.2868827894e-01
-1.3015140876e-02 1.2833552851e-01
-1.2940318245e-02 1.2783225392e-01
-1.2939606407e-02 1.2722621848e-01
-1.3221297391e-02 1.2670007777e-01
-1.3883476524e-02 1.2636954521e-01
-1.4928498932e-02 1.2649929639e-01
-1.5907807325e-02 1.2633920366e-01
-1.6601889610e-02 1.2575185805e-01
-1.7000276933e-02 1.2488516522e-01
-1.7194740656e-02 1.2379419499e-01
-1.7310471865e-02 1.2264892461e-01
-1.7510634513e-02 1.2160250307e-01
-1.7822435494e-02 1.2070824391e-01
-1.8237946858e-02 1.1990086922e-01
-1.8708558800e-02 1.1914918746e-01
-1.9194816054e-02 1.1856003598e-01
-1.9497094202e-02 1.1771813145e-01
-1.9579266059e-02 1.1662654937e-01
-1.9545415988e-02 1.1540057995e-01
-1.9554659772e-02 1.1425680434e-01
-1.9659510960e-02 1.1317144451e-01
-1.9875957121e-02 1.1211566034e-01
-2.0201073430e-02 1.1116405665e-01
-2.0554996804e-02 1.1020747918e-01
-2.0879721048e-02 1.0920638919e-01
-2.1119325566e-02 1.0809726236e-01
-2.1308413665e-02 1.0703752881e-01
-2.1405139474e-02 1.0597748444e-01
-2.1385286805e-02 1.0488394154e-01
-2.1251969532e-02 1.0379734896e-01
-2.1054180830e-02 1.0276418917e-01
-2.0844329519e-02 1.0184105499e-01
-2.0661849453e-02 1.0103243515e-01
-2.0507677614e-02 1.0037894364e-01
-2.0377628574e-02 9.9848563747e-02
-2.0209073911e-02 9.9335060106e-02
-1.9974182874e-02 9.8856725695e-02
-1.9658938965e-02 9.8361822658e-02
-1.9321590255e-02 9.7942867871e-02
-1.9002771261e-02 9.7608365112e-02
-1.8754736179e-02 9.7485744840e-02
-1.8531540652e-02 9.7412711680e-02
-1.8380134300e-02 9.7547414094e-02
-1.8227467681e-02 9.7682986231e-02
-1.8162938834e-02 9.8051633211e-02
-1.8107744067e-02 9.8542045650e-02
-1.8008587317e-02 9.9052856383e-02
-1.7865247739e-02 9.9636633860e-02
-1.7672017568e-02 1.0023006728e-01
-1.7506044533e-02 1.0096046649e-01
-1.7410995091e-02 1.0180776760e-01
-1.7418501581e-02 1.0281499310e-01
-1.7484538251e-02 1.0391017087e-01
-1.7586132660e-02 1.0506419562e-01
-1.7698011268e-02 1.0621623094e-01
-1.7831641065e-02 1.0736936712e-01
-1.7990987780e-02 1.0851509385e-01
-1.8169291675e-02 1.0965493951e-01
-1.8324052905e-02 1.1069583426e-01
-1.8497050873e-02 1.1169907033e-01
-1.8751763034e-02 1.1274591948e-01
-1.9152178527e-02 1.1396272025e-01
-1.9652440167e-02 1.1524320874e-01
-2.0246382588e-02 1.1666993076e-01
-2.0766761233e-02 1.1799593115e-01
-2.1155709113e-02 1.1918891659e-01
-2.1376394966e-02 1.2021465231e-01
-2.1486187455e-02 1.2117914201e-01
-2.1510442557e-02 1.2203823703e-01
-2.1567840406e-02 1.2300296163e-01
-2.1621642163e-02 1.2399498921e-01
-2.1572283520e-02 1.2475372494e-01
-2.1550618637e-02 1.2565798769e-01
-2.1408139495e-02 1.2627818687e-01
-2.1267452135e-02 1.2687202363e-01
-2.1156183033e-02 1.2736478044e-01
-2.1161813330e-02 1.2796011059e-01
-2.1260508790e-02 1.2857345186e-01
-2.1391850342e-02 1.2908501240e-01
-2.1621368624e-02 1.2971803197e-01
-2.1846089151e-02 1.3030373084e-01
-2.1989181987e-02 1.3074763789e-01
-2.1988738633e-02 1.3105142422e-01
-2.1798742623e-02 1.3108888168e-01
-2.1557361548e-02 1.3098359103e-01
-2.1395619583e-02 1.3073598521e-01
-2.1634427271e-02 1.3110046277e-01
-2.1996540221e-02 1.3136453935e-01
-2.2339616749e-02 1.3134036094e-01
-2.2720519370e-02 1.3131766198e-01
-2.3120935453e-02 1.3122180054e-01
-2.3523139334e-02 1.3101590994e-01
-2.3977109602e-02 1.3093681154e-01
-2.4316090789e-02 1.3059611002e-01
-2.4609632032e-02 1.3026668403e-01
-2.4821167307e-02 1.2985945324e-01
-2.4923759559e-02 1.2931770395e-01
-2.4971791881e-02 1.2873147415e-01
-2.4946519903e-02 1.2795443131e-01
-2.4981330774e-02 1.2731805499e-01
-2.5024933687e-02 1.2658996103e-01
-2.5159955901e-02 1.2602076604e-01
-2.5277115047e-02 1.2538858473e-01
-2.5385278706e-02 1.2474485815e-01
-2.5467145034e-02 1.2416486546e-01
-2.5468232662e-02 1.2355194532e-01
-2.5305417949e-02 1.2280892249e-01
-2.4956721595e-02 1.2191531593e-01
-2.4467600062e-02 1.2093378730e-01
-2.3890763730e-02 1.1986293978e-01
-2.3293934857e-02 1.1875925997e-01
-2.2778698333e-02 1.1778902504e-01
-2.2266097753e-02 1.1669400130e-01
-2.1802619167e-02 1.1557431443e-01
-2.1504878081e-02 1.1470170190e-01
-2.1206325650e-02 1.1364466944e-01
-2.1101079597e-02 1.1297036867e-01
-2.0954209409e-02 1.1222667361e-01
-2.0747257924e-02 1.1144418000e-01
-2.0512838975e-02 1.1070484240e-01
-2.0292299766e-02 1.1009224343e-01
-2.0025309950e-02 1.0949154392e-01
-1.9654735265e-02 1.0874608263e-01
-1.9274635775e-02 1.0804110833e-01
-1.8909993136e-02 1.0737597884e-01
-1.8618503036e-02 1.0683690051e-01
-1.8379446784e-02 1.0620071451e-01
-1.8323494979e-02 1.0569148905e-01
-1.8616422639e-02 1.0569341802e-01
-1.9028097112e-02 1.0571019953e-01
-1.9443475896e-02 1.0575106884e-01
-1.9761167693e-02 1.0577954262e-01
-1.9911355878e-02 1.0570164145e-01
-1.9887527260e-02 1.0550084499e-01
-1.9793349359e-02 1.0535057685e-01
-1.9660707559e-02 1.0531302487e-01
-1.9442281020e-02 1.0515776614e-01
-1.9226515735e-02 1.0514305507e-01
-1.8989406990e-02 1.0507862812e-01
-1.8838445266e-02 1.0517475064e-01
-1.8769948401e-02 1.0534063517e-01
-1.8803914156e-02 1.0564616492e-01
-1.8896286878e-02 1.0603084632e-01
-1.8957055873e-02 1.0639943794e-01
-1.8910210313e-02 1.0671011920e-01
-1.8695077884e-02 1.0683094982e-01
-1.8409536458e-02 1.0694104906e-01
-1.8147217115e-02 1.0713521905e-01
-1.8033907133e-02 1.0759799714e-01
-1.7987453901e-02 1.0812342446e-01
-1.8026452549e-02 1.0886842121e-01
-1.8001319355e-02 1.0952400343e-01
-1.7935357737e-02 1.1023792357e-01
-1.7711689885e-02 1.1067151748e-01
-1.7542953724e-02 1.1135689150e-01
-1.7311678652e-02 1.1178573703e-01
-1.7230313010e-02 1.1235562814e-01
-1.7359115770e-02 1.1314428702e-01
-1.7615658714e-02 1.1398105470e-01
-1.7909954471e-02 1.1475409733e-01
-1.8227119347e-02 1.1559879725e-01
-1.8431990868e-02 1.1621854472e-01
-1.8579510239e-02 1.1670077221e-01
-1.8849992985e-02 1.1750373924e-01
-1.9065590153e-02 1.1808928914e-01
-1.9371307461e-02 1.1888626634e-01
-1.9648516187e-02 1.1966128074e-01
-1.9944924344e-02 1.2053410271e-01
-2.0198310519e-02 1.2133834427e-01
-2.0468774339e-02 1.2228278361e-01
-2.0663326186e-02 1.2315648492e-01
-2.0743251581e-02 1.2391594187e-01
-2.0730020128e-02 1.2458966795e-01
-2.0666575795e-02 1.2519996448e-01
-2.0615081784e-02 1.2577439579e-01
-2.0639198602e-02 1.2640777394e-01
-2.0696054828e-02 1.2702424169e-01
-2.0718251974e-02 1.2749952335e-01
-2.0670228342e-02 1.2782926383e-01
-2.0593898949e-02 1.2811998132e-01
-2.0457543186e-02 1.2823663388e-01
-2.0362083080e-02 1.2840355764e-01
-2.0300513030e-02 1.2855619970e-01
-2.0269695122e-02 1.2875881756e-01
-2.0204395329e-02 1.2887899205e-01
-2.0085825424e-02 1.2885804905e-01
-2.0007911867e-02 1.2897975729e-01
-1.9866762468e-02 1.2896656432e-01
-1.9649455131e-02 1.2888447673e-01
-1.9353709047e-02 1.2872784965e-01
-1.9005078050e-02 1.2847930696e-01
-1.8725049206e-02 1.2829736198e-01
-1.8690111873e-02 1.2845017098e-01
-1.8764610405e-02 1.2856233983e-01
-1.9029990827e-02 1.2897354742e-01
-1.9269541928e-02 1.2930691350e-01
-1.9356150637e-02 1.2937253900e-01
-1.9336502337e-02 1.2931691361e-01
-1.9277513302e-02 1.2913357077e-01
-1.9319563030e-02 1.2904386575e-01
-1.9435181216e-02 1.2895320464e-01
-1.9559112174e-02 1.2878233491e-01
-1.9637835893e-02 1.2847066783e-01
-1.9670520116e-02 1.2796696243e-01
-1.9816843827e-02 1.2760499505e-01
-2.0099999780e-02 1.2725027451e-01
-2.0562361120e-02 1.2706673615e-01
-2.1158047144e-02 1.2716635976e-01
-2.1536874460e-02 1.2693792089e-01
-2.1621770741e-02 1.2639930258e-01
-2.1491987891e-02 1.2579032569e-01
-2.1130208934e-02 1.2486856041e-01
-2.0770448654e-02 1.2404256822e-01
-2.0503286590e-02 1.2337315264e-01
-2.0338552085e-02 1.2288068744e-01
-2.0175346259e-02 1.2236657816e-01
-2.0046994311e-02 1.2200079989e-01
-1.9797896911e-02 1.2147495915e-01
-1.9464802625e-02 1.2091887390e-01
-1.9063036882e-02 1.2035276624e-01
-1.8519697181e-02 1.1948473136e-01
-1.8091009534e-02 1.1893072169e-01
-1.7678164131e-02 1.1836807978e-01
-1.7297835137e-02 1.1793309017e-01
-1.6810740456e-02 1.1722908458e-01
-1.6421116268e-02 1.1678029417e-01
-1.6069821968e-02 1.1640363625e-01
-1.5669290232e-02 1.1588518441e-01
-1.5251990598e-02 1.1536795585e-01
-1.4782488169e-02 1.1477842263e-01
-1.4321995398e-02 1.1413964538e-01
-1.3914508712e-02 1.1344023293e-01
-1.3675570664e-02 1.1292139111e-01
-1.3603288127e-02 1.1252825267e-01
-1.3597562317e-02 1.1193084639e-01
-1.3847241024e-02 1.1169478452e-01
-1.4251089646e-02 1.1162924167e-01
-1.4653048580e-02 1.1155893206e-01
-1.4942058385e-02 1.1141790756e-01
-1.5125407058e-02 1.1133421976e-01
-1.5159962387e-02 1.1124978296e-01
-1.5110324311e-02 1.1126849348e-01
-1.4950540543e-02 1.1131481405e-01
-1.4732824417e-02 1.1151715765e-01
-1.4429995644e-02 1.1167135026e-01
-1.4191290368e-02 1.1202911770e-01
-1.4040481984e-02 1.1250069977e-01
-1.4000822172e-02 1.1312300170e-01
-1.4001426479e-02 1.1373506247e-01
-1.4012297723e-02 1.1427718323e-01
-1.4013549988e-02 1.1470117128e-01
-1.4119280247e-02 1.1523193766e-01
-1.4272321559e-02 1.1568135544e-01
-1.4479064129e-02 1.1616970489e-01
-1.4682556278e-02 1.1671834066e-01
-1.4715181262e-02 1.1696504608e-01
-1.4687834319e-02 1.1712865824e-01
-1.4750297385e-02 1.1748780819e-01
-1.4912264210e-02 1.1799464622e-01
-1.5107775105e-02 1.1856010178e-01
-1.5230237742e-02 1.1905572605e-01
-1.5306464424e-02 1.1962135067e-01
-1.5303873539e-02 1.2015546631e-01
-1.5232431357e-02 1.2062293006e-01
-1.5201639700e-02 1.2124227212e-01
-1.5204653608e-02 1.2194002265e-01
-1.5191162680e-02 1.2260909308e-01
-1.5161072354e-02 1.2326566130e-01
-1.5105730343e-02 1.2391739791e-01
-1.4994988023e-02 1.2447858443e-01
-1.4832323393e-02 1.2496779069e-01
-1.4615617067e-02 1.2536170397e-01
-1.4390552549e-02 1.2569004490e-01
-1.4231716358e-02 1.2607439096e-01
-1.4110586097e-02 1.2640602096e-01
-1.4082231418e-02 1.2687453178e-01
-1.3997096215e-02 1.2715057535e-01
-1.3903436145e-02 1.2745759507e-01
-1.3732941812e-02 1.2761151709e-01
-1.3565886840e-02 1.2781555696e-01
-1.3375902448e-02 1.2797383567e-01
-1.3212812931e-02 1.2816697750e-01
-1.3095797922e-02 1.2843125117e-01
-1.3024053166e-02 1.2878698297e-01
-1.2929948878e-02 1.2911156882e-01
-1.2793339651e-02 1.2939120151e-01
-1.2620238509e-02 1.2968974205e-01
-1.2357005597e-02 1.2979944585e-01
-1.2128032735e-02 1.2999734508e-01
-1.1907353540e-02 1.3005044507e-01
-1.1844254156e-02 1.3021244391e-01
-1.1941385437e-02 1.3047533074e-01
-1.2139015940e-02 1.3070103125e-01
-1.2360399874e-02 1.3083030500e-01
-1.2536800850e-02 1.3075427354e-01
-1.2712662221e-02 1.3065788300e-01
-1.2800643073e-02 1.3032200242e-01
-1.2874286816e-02 1.2988451356e-01
-1.2982871563e-02 1.2944052042e-01
-1.3135570810e-02 1.2887372063e-01
-1.3505365703e-02 1.2867373489e-01
-1.3882535610e-02 1.2838485921e-01
-1.4211999495e-02 1.2807240387e-01
-1.4394686050e-02 1.2763977540e-01
-1.4420511417e-02 1.2709901096e-01
-1.4314518140e-02 1.2648934834e-01
-1.4092569954e-02 1.2584272045e-01
-1.3792180520e-02 1.2515671698e-01
-1.3490553581e-02 1.2453039536e-01
-1.3210850340e-02 1.2393763248e-01
-1.3013684079e-02 1.2354008031e-01
-1.2734745477e-02 1.2295032705e-01
-1.2433784395e-02 1.2234383005e-01
-1.2080591962e-02 1.2161650045e-01
-1.1734837394e-02 1.2085753391e-01
-1.1387328623e-02 1.1999838769e-01
-1.1062836928e-02 1.1917247465e-01
-1.0673502153e-02 1.1817642899e-01
-1.0235573937e-02 1.1704858788e-01
-9.8431793552e-03 1.1597492267e-01
-9.4904250410e-03 1.1490654529e-01
-9.2389777926e-03 1.1399569609e-01
-8.9661420768e-03 1.1298139251e-01
-8.7048934757e-03 1.1206270255e-01
-8.3746027570e-03 1.1107485248e-01
-7.9921153329e-03 1.1006720100e-01
-7.5733583310e-03 1.0907926301e-01
-7.1713829315e-03 1.0806700073e-01
-6.8810128709e-03 1.0725630325e-01
-6.7008140884e-03 1.0662571677e-01
-6.5164971743e-03 1.0595622176e-01
-6.3266809743e-03 1.0528226215e-01
-6.1685562721e-03 1.0471997954e-01
-6.0718232721e-03 1.0426409437e-01
-6.0064961316e-03 1.0381110755e-01
-6.0615812633e-03 1.0365494658e-01
-6.0952284800e-03 1.0345716932e-01
-6.1144977140e-03 1.0329867229e-01
-6.0980031640e-03 1.0318485021e-01
-6.0118567638e-03 1.0309528836e-01
-5.7822473622e-03 1.0286370240e-01
-5.4388587572e-03 1.0253100250e-01
-5.0777059115e-03 1.0218372411e-01
-4.8082125793e-03 1.0197042254e-01
-4.6369528946e-03 1.0184596189e-01
-4.5640119498e-03 1.0181297519e-01
-4.5417074064e-03 1.0180988705e-01
-4.5589893300e-03 1.0184922573e-01
-4.6123534635e-03 1.0201210537e-01
-4.5871966508e-03 1.0205018912e-01
-4.5275943441e-03 1.0216526008e-01
-4.3723781927e-03 1.0214608308e-01
-4.2352978315e-03 1.0230128094e-01
-4.1499747380e-03 1.0262008519e-01
-3.9940538972e-03 1.0282751416e-01
-3.8565311055e-03 1.0313761790e-01
-3.7628472528e-03 1.0362876807e-01
-3.5622070746e-03 1.0391016864e-01
-3.4307764770e-03 1.0440256765e-01
-3.2425162096e-03 1.0478099344e-01
-3.1160810457e-03 1.0524117018e-01
-3.0602376827e-03 1.0575132558e-01
-3.0329439275e-03 1.0620327596e-01
-3.0293163040e-03 1.0659929060e-01
-3.1036391955e-03 1.0708392541e-01
-3.1378389273e-03 1.0744427454e-01
-3.2423033003e-03 1.0796264318e-01
-3.3339975421e-03 1.0843456022e-01
-3.4636386958e-03 1.0909862615e-01
-3.4949740900e-03 1.0970142058e-01
-3.4237038944e-03 1.1030348388e-01
-3.1609555420e-03 1.1063203760e-01
-2.9362467620e-03 1.1120498954e-01
-2.8007093007e-03 1.1192423621e-01
-2.6294006234e-03 1.1246716115e-01
-2.5225164494e-03 1.1315927976e-01
-2.5174196713e-03 1.1402864565e-01
-2.2403243723e-03 1.1425405136e-01
-2.2912052734e-03 1.1480207192e-01
-2.4548995808e-03 1.1554023077e-01
-2.5065063604e-03 1.1606518326e-01
-2.3347577384e-03 1.1627606946e-01
-1.7742906568e-03 1.1588950662e-01
-1.3521237327e-03 1.1575549440e-01
-1.1492675587e-03 1.1570739693e-01
-1.2879294118e-03 1.1613131545e-01
-1.4617742663e-03 1.1641425732e-01
-1.5696381566e-03 1.1670499599e-01
-1.4137071977e-03 1.1665604951e-01
-1.0918913993e-03 1.1644770731e-01
-7.3813127193e-04 1.1633612171e-01
-3.4357393007e-04 1.1610315063e-01
-3.7969442586e-05 1.1601967799e-01
2.1750515967e-04 1.1592249018e-01
3.2620779108e-04 1.1607041344e-01
3.8523702326e-04 1.1618889494e-01
4.2822725231e-04 1.1631900938e-01
5.2250642880e-04 1.1640055205e-01
7.5245760185e-04 1.1625152258e-01
1.0829607783e-03 1.1586868937e-01
1.3781403382e-03 1.1539543176e-01
1.4902951776e-03 1.1508836761e-01
1.5135704543e-03 1.1466412126e-01
1.4273554755e-03 1.1435075019e-01
1.4015292497e-03 1.1364335956e-01
1.2531568329e-03 1.1312239290e-01
9.9640020947e-04 1.1289052526e-01
9.0329496781e-04 1.1232707868e-01
9.3759985167e-04 1.1178062104e-01
1.1031788699e-03 1.1118149653e-01
1.3316531856e-03 1.1060819620e-01
1.4847559750e-03 1.1039886617e-01
1.7093187741e-03 1.1001803134e-01
2.0212783962e-03 1.0948187157e-01
2.0264263957e-03 1.0954951009e-01
2.0729095557e-03 1.0943858765e-01
2.1857758413e-03 1.0926895331e-01
2.4382916123e-03 1.0875990012e-01
2.5617613953e-03 1.0854137464e-01
2.5734802484e-03 1.0834198455e-01
2.4864718837e-03 1.0800278257e-01
2.1583001886e-03 1.0805333709e-01
1.8725145587e-03 1.0783050009e-01
1.5784401211e-03 1.0776433730e-01
1.5753286306e-03 1.0724164853e-01
1.7119450680e-03 1.0672304494e-01
1.9627752507e-03 1.0612945676e-01
2.2591539484e-03 1.0546696266e-01
2.4800865768e-03 1.0487817613e-01
2.5512001242e-03 1.0459285022e-01
2.6830614751e-03 1.0414269411e-01
2.8751899346e-03 1.0364165429e-01
3.0947044923e-03 1.0316163752e-01
3.2898105447e-03 1.0279942944e-01
3.4694689791e-03 1.0251220596e-01
3.6466115883e-03 1.0229579715e-01
3.8660621478e-03 1.0209687926e-01
4.1005312431e-03 1.0195876298e-01
4.2964486916e-03 1.0202138667e-01
4.5538373326e-03 1.0202009386e-01
4.8279378503e-03 1.0216707117e-01
5.2234436790e-03 1.0219263084e-01
5.6677768510e-03 1.0225119610e-01
6.1444188697e-03 1.0227335270e-01
6.5758246262e-03 1.0236255127e-01
6.9111528684e-03 1.0249380394e-01
7.1112932220e-03 1.0265943140e-01
7.1296627594e-03 1.0297632755e-01
7.0397665127e-03 1.0331864444e-01
6.9529147603e-03 1.0357013106e-01
6.8773317630e-03 1.0377411004e-01
6.8354212342e-03 1.0388182536e-01
6.7570511282e-03 1.0405301842e-01
6.6064173263e-03 1.0433013221e-01
6.4317874726e-03 1.0470876631e-01
6.3437349652e-03 1.0499113291e-01
6.2869988696e-03 1.0530506450e-01
6.2137079009e-03 1.0571996873e-01
6.0684664023e-03 1.0625852488e-01
5.8260185566e-03 1.0694814967e-01
5.5302877145e-03 1.0772743915e-01
5.2064474730e-03 1.0856903156e-01
4.9308280846e-03 1.0931679496e-01
4.6261206926e-03 1.1016647438e-01
4.3351484286e-03 1.1097219561e-01
4.0447971025e-03 1.1178753343e-01
3.7917646796e-03 1.1251588386e-01
3.5444059312e-03 1.1321729857e-01
3.2758156299e-03 1.1390283290e-01
2.9784130021e-03 1.1453523998e-01
2.5766940540e-03 1.1532504009e-01
2.2309473295e-03 1.1595282405e-01
1.9442797597e-03 1.1653623268e-01
1.7761597717e-03 1.1694995686e-01
1.7157651401e-03 1.1720707464e-01
1.6716885047e-03 1.1747180809e-01
1.6212849979e-03 1.1773907408e-01
1.6145956311e-03 1.1791729841e-01
1.6306939776e-03 1.1805593681e-01
1.6345044169e-03 1.1822495440e-01
1.6715032709e-03 1.1824547575e-01
1.6153883946e-03 1.1847850992e-01
1.5986715983e-03 1.1858846979e-01
1.6702927908e-03 1.1858860296e-01
1.8165134797e-03 1.1852768660e-01
2.0629575356e-03 1.1833400912e-01
2.3508739723e-03 1.1809729799e-01
2.6309649181e-03 1.1786330209e-01
2.8843732459e-03 1.1763617592e-01
3.0766382296e-03 1.1745010231e-01
3.1735069768e-03 1.1738856624e-01
3.1782114364e-03 1.1744877708e-01
3.1522858929e-03 1.1752800304e-01
3.0838203668e-03 1.1767885721e-01
3.0016192684e-03 1.1781177819e-01
2.8905970436e-03 1.1798369034e-01
2.7772498902e-03 1.1814784634e-01
2.7382297124e-03 1.1818127194e-01
2.7970776279e-03 1.1801522490e-01
2.9088906789e-03 1.1769084455e-01
2.9471544274e-03 1.1730798190e-01
2.7697239327e-03 1.1700278261e-01
2.3043802018e-03 1.1676073696e-01
1.4826500579e-03 1.1675909907e-01
4.0736146137e-04 1.1693255509e-01
-6.7849367811e-04 1.1705238404e-01
-1.5504736440e-03 1.1693038853e-01
-2.1343298959e-03 1.1658288202e-01
-2.4494914730e-03 1.1604371843e-01
-2.6322856463e-03 1.1555269214e-01
-2.7714666597e-03 1.1515918939e-01
-2.8784555055e-03 1.1487387433e-01
-2.9221431722e-03 1.1456766347e-01
-2.9671721828e-03 1.1436207365e-01
-3.0139012816e-03 1.1418967182e-01
-3.0489838341e-03 1.1403391425e-01
-3.0620502417e-03 1.1383461830e-01
-3.0255982835e-03 1.1354849175e-01
-2.9563550846e-03 1.1321912168e-01
-2.8394342464e-03 1.1279331958e-01
-2.6871892187e-03 1.1235857521e-01
-2.4473369030e-03 1.1176284186e-01
-2.1597253819e-03 1.1109866477e-01
-1.8627557380e-03 1.1040779808e-01
-1.6074213832e-03 1.0976443372e-01
-1.3767448990e-03 1.0909226120e-01
-1.1505338804e-03 1.0838046761e-01
-9.1462745109e-04 1.0771256334e-01
-5.5074667554e-04 1.0686628622e-01
-3.3477558177e-05 1.0579581568e-01
4.7651637774e-04 1.0480985115e-01
9.2246615670e-04 1.0386814022e-01
1.2063249764e-03 1.0318515085e-01
1.3983773766e-03 1.0257655851e-01
1.5148385354e-03 1.0210650952e-01
1.6454216541e-03 1.0161416302e-01
1.7653329124e-03 1.0122824082e-01
1.9153975143e-03 1.0093390206e-01
2.1832598587e-03 1.0051570917e-01
2.4901198547e-03 1.0014011107e-01
2.7733431749e-03 9.9841520118e-02
2.9434221613e-03 9.9796790398e-02
3.1010133305e-03 9.9655427329e-02
3.1289455978e-03 9.9745600277e-02
3.1097974013e-03 9.9791870276e-02
2.9804234173e-03 9.9977607083e-02
2.7802607734e-03 1.0015010265e-01
2.4626691075e-03 1.0048372539e-01
2.1137074812e-03 1.0074807196e-01
1.7271960757e-03 1.0108486792e-01
1.3524105870e-03 1.0141901147e-01
1.0156123069e-03 1.0179066258e-01
8.0099602891e-04 1.0196145372e-01
5.5847358928e-04 1.0222755555e-01
3.0849084655e-04 1.0247623781e-01
-4.3010956306e-05 1.0308289798e-01
-2.2301248869e-04 1.0332168979e-01
-3.1496965989e-04 1.0355630389e-01
-3.5758337280e-04 1.0371697240e-01
-5.2853397888e-04 1.0430218193e-01
-5.6271014240e-04 1.0454621886e-01
-5.3416651278e-04 1.0475218489e-01
-4.7257038690e-04 1.0494213457e-01
-4.2821242443e-04 1.0511709041e-01
-4.6022174270e-04 1.0544438595e-01
-4.5977074843e-04 1.0569448633e-01
-4.2132564996e-04 1.0595704413e-01
-3.5537718606e-04 1.0630821582e-01
-2.1731517412e-04 1.0660929271e-01
-8.9882925109e-05 1.0708248175e-01
3.0743192710e-05 1.0766448065e-01
1.4920089947e-04 1.0836230807e-01
2.9546890107e-04 1.0915844873e-01
5.6192501012e-04 1.0991728718e-01
1.0561988210e-03 1.1045561923e-01
1.7734671766e-03 1.1076382721e-01
2.5950211899e-03 1.1086612502e-01
3.2965276480e-03 1.1092043737e-01
3.4992130774e-03 1.1145432856e-01
3.2416550485e-03 1.1213130315e-01
2.4254855616e-03 1.1361525432e-01
1.7331164256e-03 1.1462401672e-01
1.3568558422e-03 1.1522014854e-01
1.3304555807e-03 1.1543981699e-01
1.5519359718e-03 1.1534693782e-01
1.7003665275e-03 1.1543732770e-01
1.7257478592e-03 1.1562788918e-01
1.5677439501e-03 1.1611436866e-01
1.3210480280e-03 1.1676732264e-01
1.1378012629e-03 1.1737976879e-01
1.0560055725e-03 1.1793899250e-01
1.0617108618e-03 1.1845721338e-01
1.1138296198e-03 1.1895522040e-01
1.1699692265e-03 1.1942308485e-01
1.1749828287e-03 1.1988784416e-01
1.0490353962e-03 1.2061023038e-01
9.1604821795e-04 1.2127263343e-01
8.2561846765e-04 1.2190029658e-01
8.2555326803e-04 1.2245723964e-01
9.3406855490e-04 1.2289020537e-01
1.1701086024e-03 1.2307581144e-01
1.3540974415e-03 1.2341209650e-01
1.5891772126e-03 1.2351250205e-01
1.7619525134e-03 1.2360163485e-01
1.7910841170e-03 1.2381594672e-01
1.6849120544e-03 1.2405077919e-01
1.4737719961e-03 1.2425203003e-01
1.1505022164e-03 1.2468904101e-01
9.9603157933e-04 1.2481904706e-01
1.1111223293e-03 1.2462651733e-01
1.3898317309e-03 1.2426576804e-01
1.6936665413e-03 1.2386259597e-01
1.7784859248e-03 1.2369549571e-01
1.6540879822e-03 1.2361457286e-01
1.2643800517e-03 1.2392424843e-01
9.2442579764e-04 1.2403293026e-01
7.2783089278e-04 1.2398555234e-01
7.2624667218e-04 1.2368029985e-01
8.1621451795e-04 1.2327236527e-01
8.9639708636e-04 1.2287599401e-01
9.5175874764e-04 1.2254905545e-01
1.0629790282e-03 1.2210543908e-01
1.2382828309e-03 1.2160076796e-01
1.3748238849e-03 1.2122243141e-01
1.4752691324e-03 1.2089560627e-01
1.4809282726e-03 1.2078812690e-01
1.5066595593e-03 1.2069326612e-01
1.6508802283e-03 1.2049264501e-01
1.8915691675e-03 1.2028571097e-01
2.2762161030e-03 1.1987556167e-01
2.6230044524e-03 1.1960325971e-01
2.9597455746e-03 1.1923730932e-01
3.1353363745e-03 1.1912228072e-01
3.2874893347e-03 1.1887710857e-01
3.3952197251e-03 1.1872217002e-01
3.6251326018e-03 1.1826576942e-01
3.8626149903e-03 1.1778442915e-01
4.0757905364e-03 1.1714402970e-01
4.1343078489e-03 1.1652167213e-01
3.9113089814e-03 1.1623636818e-01
3.6498082226e-03 1.1572049933e-01
3.3944667524e-03 1.1519976891e-01
3.2233521619e-03 1.1461786191e-01
3.2963268270e-03 1.1349758205e-01
3.2534367832e-03 1.1272613530e-01
3.1751768246e-03 1.1197715718e-01
3.0719985024e-03 1.1126441196e-01
2.9499795230e-03 1.1064261624e-01
2.8312808584e-03 1.1018681335e-01
2.7579323641e-03 1.0980904864e-01
2.7201441116e-03 1.0960104636e-01
2.8095115902e-03 1.0933551226e-01
2.9666848376e-03 1.0914151069e-01
3.1619673156e-03 1.0906739531e-01
3.4240140252e-03 1.0891454982e-01
3.6308233311e-03 1.0881624204e-01
3.6455178191e-03 1.0895763189e-01
3.4614369882e-03 1.0929944293e-01
3.1624710475e-03 1.0974063344e-01
2.9345452147e-03 1.0999065941e-01
2.8486087944e-03 1.0997670958e-01
2.8661052263e-03 1.0981371334e-01
2.9122499093e-03 1.0952889754e-01
2.8844805625e-03 1.0912260286e-01
2.5526128839e-03 1.0889235737e-01
1.8174205564e-03 1.0896297008e-01
6.9884804456e-04 1.0950248412e-01
-3.9776927143e-04 1.0991419724e-01
-1.2221178611e-03 1.1000926553e-01
-1.7187058521e-03 1.0985697533e-01
-2.0036955822e-03 1.0959632813e-01
-2.2138516774e-03 1.0926602781e-01
-2.5995477611e-03 1.0933846693e-01
-3.1148090380e-03 1.0968488622e-01
-3.5936328829e-03 1.1004292880e-01
-4.0679701861e-03 1.1065731400e-01
-4.3846085133e-03 1.1116605389e-01
-4.6218757326e-03 1.1178747518e-01
-4.7786103463e-03 1.1250183611e-01
-4.7458309747e-03 1.1302082808e-01
-4.5732115322e-03 1.1344602807e-01
-4.3460191518e-03 1.1391024507e-01
-4.0705802803e-03 1.1425070140e-01
-3.8782004726e-03 1.1466466754e-01
-3.7672901694e-03 1.1506745537e-01
-3.8098978666e-03 1.1565004333e-01
-3.8180200027e-03 1.1599868129e-01
-3.8606109722e-03 1.1645526661e-01
-3.8025547897e-03 1.1667140811e-01
-3.7690220325e-03 1.1696632042e-01
-3.7506538719e-03 1.1715709380e-01
-3.8660405046e-03 1.1758217692e-01
-4.0588915233e-03 1.1815137701e-01
-4.1755772783e-03 1.1852080640e-01
-4.2547627502e-03 1.1875949630e-01
-4.5447272077e-03 1.1955868325e-01
-4.7673870281e-03 1.2009957514e-01
-5.0304631680e-03 1.2081517448e-01
-5.2692997282e-03 1.2151341046e-01
-5.5003962175e-03 1.2219480182e-01
-5.8268457180e-03 1.2305716814e-01
-6.2460645679e-03 1.2405453763e-01
-6.6806895219e-03 1.2506794004e-01
-7.1453619922e-03 1.2615323989e-01
-7.6189609929e-03 1.2726039798e-01
-8.1598939875e-03 1.2851768951e-01
-8.7036274747e-03 1.2974520580e-01
-9.2782185029e-03 1.3097780358e-01
-9.8991152308e-03 1.3223964806e-01
-1.0526887367e-02 1.3347098920e-01
-1.1169233436e-02 1.3469785611e-01
-1.1742851130e-02 1.3572003179e-01
-1.2290244409e-02 1.3660013997e-01
-1.2916166459e-02 1.3751608986e-01
-1.3614017198e-02 1.3840061971e-01
-1.4365274380e-02 1.3923512643e-01
-1.5159798654e-02 1.4014254300e-01
-1.5838262662e-02 1.4084580454e-01
-1.6403211938e-02 1.4148977192e-01
-1.6784387163e-02 1.4190629331e-01
-1.7075927554e-02 1.4235722933e-01
-1.7229869668e-02 1.4269524246e-01
-1.7285117617e-02 1.4296108986e-01
-1.7334754020e-02 1.4333946043e-01
-1.7364495754e-02 1.4376531434e-01
-1.7356288846e-02 1.4415423119e-01
-1.7359671998e-02 1.4465141081e-01
-1.7325218399e-02 1.4508919351e-01
-1.7252197519e-02 1.4548068689e-01
-1.7179594101e-02 1.4593249815e-01
-1.7014542851e-02 1.4618203667e-01
-1.6792621468e-02 1.4631899351e-01
-1.6583159408e-02 1.4644813266e-01
-1.6361481440e-02 1.4646122575e-01
-1.6173760374e-02 1.4638493760e-01
-1.6069373988e-02 1.4633225750e-01
-1.6018713021e-02 1.4621105243e-01
-1.6079500380e-02 1.4622262681e-01
-1.6100852697e-02 1.4587742082e-01
-1.6334246049e-02 1.4578203061e-01
-1.6731467147e-02 1.4584857390e-01
-1.7179846231e-02 1.4589771782e-01
-1.7532511335e-02 1.4576175414e-01
-1.7782712636e-02 1.4553525627e-01
-1.7941500464e-02 1.4517438114e-01
-1.8151063220e-02 1.4493599140e-01
-1.8375815386e-02 1.4475886411e-01
-1.8564448001e-02 1.4455311819e-01
-1.8636508686e-02 1.4420144850e-01
-1.8632593547e-02 1.4380956974e-01
-1.8565087249e-02 1.4322843820e-01
-1.8588114018e-02 1.4269744121e-01
-1.8773756962e-02 1.4226232890e-01
-1.9105165370e-02 1.4185556847e-01
-1.9578773752e-02 1.4160767692e-01
-2.0059752767e-02 1.4136825142e-01
-2.0392366068e-02 1.4090095782e-01
-2.0639569062e-02 1.4056643283e-01
-2.0644817951e-02 1.3990053721e-01
-2.0538822011e-02 1.3928868417e-01
-2.0308943237e-02 1.3861600616e-01
-2.0012601449e-02 1.3788363424e-01
-1.9748688615e-02 1.3722663650e-01
-1.9572444942e-02 1.3669459040e-01
-1.9495388640e-02 1.3626921251e-01
-1.9439059475e-02 1.3582333370e-01
-1.9351425978e-02 1.3531841564e-01
-1.9149097511e-02 1.3458216937e-01
-1.8916995023e-02 1.3385227999e-01
-1.8597628062e-02 1.3286471264e-01
-1.8338792941e-02 1.3196418533e-01
-1.8142422064e-02 1.3103656030e-01
-1.8012779724e-02 1.3005897641e-01
-1.8062151927e-02 1.2942091742e-01
-1.8033907191e-02 1.2858472620e-01
-1.7891312333e-02 1.2764152825e-01
-1.7656843418e-02 1.2676221657e-01
-1.7231798942e-02 1.2563780285e-01
-1.6810256049e-02 1.2462487034e-01
-1.6456089973e-02 1.2377387797e-01
-1.6200293149e-02 1.2317350325e-01
-1.5930650549e-02 1.2256910101e-01
-1.5575907370e-02 1.2187408199e-01
-1.5270937049e-02 1.2143675700e-01
-1.4923995968e-02 1.2095138194e-01
-1.4587974941e-02 1.2057844932e-01
-1.4243807365e-02 1.2022630283e-01
-1.3969473965e-02 1.2008296663e-01
-1.3710097473e-02 1.2000848739e-01
-1.3472002122e-02 1.2005355138e-01
-1.3205352875e-02 1.2013099917e-01
-1.2919970572e-02 1.2024517308e-01
-1.2628429320e-02 1.2047892012e-01
-1.2388861504e-02 1.2078705062e-01
-1.2202901770e-02 1.2105315840e-01
-1.2318546207e-02 1.2180897217e-01
-1.2591071700e-02 1.2274171150e-01
-1.2856193820e-02 1.2366961727e-01
-1.2949659312e-02 1.2449436964e-01
-1.2798891291e-02 1.2503250117e-01
-1.2571680610e-02 1.2549976921e-01
-1.2521845524e-02 1.2613522229e-01
-1.2753587307e-02 1.2702129253e-01
-1.3282785357e-02 1.2816519273e-01
-1.3997487944e-02 1.2953814671e-01
-1.4594149728e-02 1.3055708162e-01
-1.5214992617e-02 1.3181730748e-01
-1.5706290674e-02 1.3301568921e-01
-1.6015081129e-02 1.3398072312e-01
-1.6228380076e-02 1.3501648529e-01
-1.6366067563e-02 1.3610429641e-01
-1.6440927719e-02 1.3718447848e-01
-1.6540830079e-02 1.3846626785e-01
-1.6601102851e-02 1.3979453570e-01
-1.6638270280e-02 1.4125176819e-01
-1.6558146534e-02 1.4260274414e-01
-1.6390338914e-02 1.4392053542e-01
-1.6140241570e-02 1.4521366491e-01
-1.5821066721e-02 1.4639101102e-01
-1.5456076676e-02 1.4742511243e-01
-1.5175745790e-02 1.4856425054e-01
-1.4968762470e-02 1.4969130032e-01
-1.4855779546e-02 1.5088891229e-01
-1.4704713750e-02 1.5194843968e-01
-1.4527517088e-02 1.5295880793e-01
-1.4239246034e-02 1.5378155556e-01
-1.3863134380e-02 1.5448230318e-01
-1.3427203880e-02 1.5513582204e-01
-1.2848196120e-02 1.5547864237e-01
-1.2252394705e-02 1.5583980535e-01
-1.1568534627e-02 1.5600181337e-01
-1.0948520330e-02 1.5622763328e-01
-1.0364700386e-02 1.5607063061e-01
-1.0223674367e-02 1.5635311127e-01
-1.0650813512e-02 1.5751857681e-01
-1.1030948000e-02 1.5824633139e-01
-1.1296130369e-02 1.5888058601e-01
-1.1375253806e-02 1.5937796940e-01
-1.1315820365e-02 1.5982556721e-01
-1.1130421421e-02 1.6020080794e-01
-1.0818488968e-02 1.6048467156e-01
-1.0316522167e-02 1.6046121074e-01
-9.7567616267e-03 1.6033077162e-01
-9.2337530707e-03 1.6006018812e-01
-8.9814194315e-03 1.5993117652e-01
-9.0631315229e-03 1.5972723891e-01
-9.6864471077e-03 1.5991392396e-01
-1.0759002412e-02 1.6051179007e-01
-1.1810796939e-02 1.6081078369e-01
-1.2565766147e-02 1.6074421550e-01
-1.2800273305e-02 1.6004866436e-01
-1.2645477161e-02 1.5901715161e-01
-1.2248688222e-02 1.5771415965e-01
-1.1889267550e-02 1.5653936558e-01
-1.1711027391e-02 1.5565333132e-01
-1.1726453732e-02 1.5484503586e-01
-1.2058345496e-02 1.5439944549e-01
-1.2684908766e-02 1.5448348035e-01
-1.3222899080e-02 1.5436552520e-01
-1.3480611130e-02 1.5397514259e-01
-1.3367925584e-02 1.5319324257e-01
-1.2968790262e-02 1.5208287829e-01
-1.2518176265e-02 1.5100929784e-01
-1.2045287291e-02 1.4974213971e-01
-1.1672346095e-02 1.4848165961e-01
-1.1525409073e-02 1.4738501781e-01
-1.1530904631e-02 1.4627763367e-01
-1.1723113316e-02 1.4533053282e-01
-1.1897321560e-02 1.4417560693e-01
-1.2106557967e-02 1.4311013550e-01
-1.2242161698e-02 1.4191937074e-01
-1.2332572216e-02 1.4080604351e-01
-1.2296612957e-02 1.3962245177e-01
-1.2175192446e-02 1.3854400227e-01
-1.1896220801e-02 1.3736532941e-01
-1.1593815163e-02 1.3644752580e-01
-1.1194367944e-02 1.3549496771e-01
-1.0803373170e-02 1.3467176953e-01
-1.0476646138e-02 1.3406629883e-01
-1.0198670898e-02 1.3358113394e-01
-9.9241883849e-03 1.3309151212e-01
-9.6871823370e-03 1.3265622838e-01
-9.5189285827e-03 1.3227819124e-01
-9.4575433103e-03 1.3192613079e-01
-9.6225331119e-03 1.3185300323e-01
-9.8861200305e-03 1.3171452423e-01
-1.0335443519e-02 1.3190878690e-01
-1.0706162497e-02 1.3187272125e-01
-1.1057643148e-02 1.3192508700e-01
-1.1298360427e-02 1.3192139116e-01
-1.1450696055e-02 1.3191865984e-01
-1.1567930149e-02 1.3195073890e-01
-1.1733589519e-02 1.3209046708e-01
-1.2075064031e-02 1.3257053060e-01
-1.2542575722e-02 1.3320406597e-01
-1.3056667210e-02 1.3393315422e-01
-1.3548150613e-02 1.3467658748e-01
-1.3967918278e-02 1.3540610713e-01
-1.4272550719e-02 1.3593156844e-01
-1.4607430366e-02 1.3657521414e-01
-1.4935212434e-02 1.3718214754e-01
-1.5306090264e-02 1.3786263421e-01
-1.5630173333e-02 1.3843302939e-01
-1.5960585968e-02 1.3902172180e-01
-1.6361349580e-02 1.3984165887e-01
-1.6721917647e-02 1.4060208155e-01
-1.7076863904e-02 1.4144499807e-01
-1.7448748948e-02 1.4244562304e-01
-1.7812760510e-02 1.4360266746e-01
-1.8093836082e-02 1.4486525935e-01
-1.8206753921e-02 1.4594386706e-01
-1.8320365496e-02 1.4716558594e-01
-1.8554668765e-02 1.4868108820e-01
-1.8842272769e-02 1.5023078425e-01
-1.9133410070e-02 1.5175325760e-01
-1.9429435507e-02 1.5326021096e-01
-1.9698379499e-02 1.5455899807e-01
-2.0096185837e-02 1.5589385488e-01
-2.0652133073e-02 1.5718066220e-01
-2.1384236146e-02 1.5854743839e-01
-2.2144697779e-02 1.5969251462e-01
-2.2883887717e-02 1.6056225405e-01
-2.3653183979e-02 1.6126409607e-01
-2.4562382954e-02 1.6203319660e-01
-2.5515197925e-02 1.6271111467e-01
-2.6385364339e-02 1.6322923356e-01
-2.7041987128e-02 1.6354185473e-01
-2.7406130166e-02 1.6356798814e-01
-2.7520484851e-02 1.6335549496e-01
-2.7538956419e-02 1.6318771590e-01
-2.7516536290e-02 1.6304217318e-01
-2.7472798624e-02 1.6294130391e-01
-2.7343387891e-02 1.6274139502e-01
-2.7166029540e-02 1.6262988687e-01
-2.6836671285e-02 1.6234600211e-01
-2.6383135242e-02 1.6198821983e-01
-2.5774051294e-02 1.6143158686e-01
-2.5111702444e-02 1.6089995765e-01
-2.4353093587e-02 1.6018731907e-01
-2.3556043625e-02 1.5942239970e-01
-2.2726059168e-02 1.5853658118e-01
-2.1921394194e-02 1.5760257697e-01
-2.1170381439e-02 1.5663254126e-01
-2.0510834520e-02 1.5565512338e-01
-1.9891389393e-02 1.5453726442e-01
-1.9358236725e-02 1.5343257196e-01
-1.8902742938e-02 1.5229469667e-01
-1.8480240969e-02 1.5088306388e-01
-1.8302593066e-02 1.4966415892e-01
-1.8367221685e-02 1.4853622526e-01
-1.8628951339e-02 1.4747696033e-01
-1.8973242505e-02 1.4638256262e-01
-1.9274020374e-02 1.4502521903e-01
-1.9659272712e-02 1.4374901009e-01
-2.0177706110e-02 1.4255145021e-01
-2.0840363813e-02 1.4148749639e-01
-2.1653493066e-02 1.4064233036e-01
-2.2517735698e-02 1.3982175438e-01
-2.3435787072e-02 1.3915459127e-01
-2.4394348978e-02 1.3874856772e-01
-2.5263512627e-02 1.3837867516e-01
-2.5946795387e-02 1.3792979553e-01
-2.6485423532e-02 1.3750575189e-01
-2.6953178525e-02 1.3721042942e-01
-2.7384105894e-02 1.3695251113e-01
-2.7838387126e-02 1.3682914665e-01
-2.8306122688e-02 1.3678951660e-01
-2.8794193251e-02 1.3688063338e-01
-2.9181348056e-02 1.3689423815e-01
-2.9440320180e-02 1.3687418035e-01
-2.9538388358e-02 1.3672933281e-01
-2.9530259056e-02 1.3656446580e-01
-2.9473199657e-02 1.3646472577e-01
-2.9351499208e-02 1.3628145036e-01
-2.9248006650e-02 1.3627129355e-01
-2.9112734428e-02 1.3627034868e-01
-2.8901615975e-02 1.3624066008e-01
-2.8598053669e-02 1.3614425847e-01
-2.8299833577e-02 1.3619803838e-01
-2.7974354875e-02 1.3626159924e-01
-2.7644362397e-02 1.3636457163e-01
-2.7340343986e-02 1.3658132597e-01
-2.7059562706e-02 1.3691615213e-01
-2.6706133000e-02 1.3726168859e-01
-2.6254491651e-02 1.3759653508e-01
-2.5691443413e-02 1.3789649928e-01
-2.5120367633e-02 1.3822322288e-01
-2.4690949146e-02 1.3876265780e-01
-2.4491451940e-02 1.3971027368e-01
-2.4350139770e-02 1.4070704961e-01
-2.4155686372e-02 1.4167259073e-01
-2.3885300057e-02 1.4268402575e-01
-2.3483054406e-02 1.4357687976e-01
-2.3032231640e-02 1.4451477713e-01
-2.2550717350e-02 1.4540940090e-01
-2.2166004593e-02 1.4643964559e-01
-2.1896304365e-02 1.4756875285e-01
-2.1813497427e-02 1.4891850813e-01
-2.1857359232e-02 1.5037111159e-01
-2.1994508699e-02 1.5198277083e-01
-2.2062384211e-02 1.5343490252e-01
-2.2074685616e-02 1.5482583478e-01
-2.2082777553e-02 1.5623300066e-01
-2.2094669250e-02 1.5758453597e-01
-2.2178762618e-02 1.5891309350e-01
-2.2430396185e-02 1.6044288916e-01
-2.2748318099e-02 1.6193891355e-01
-2.3052357482e-02 1.6331853452e-01
-2.3302086419e-02 1.6455558604e-01
-2.3451293211e-02 1.6539909586e-01
-2.3707431384e-02 1.6628137151e-01
-2.4131010960e-02 1.6732764755e-01
-2.4482194294e-02 1.6788289929e-01
-2.4963196561e-02 1.6860828121e-01
-2.5421903835e-02 1.6912827788e-01
-2.5906955627e-02 1.6960286226e-01
-2.6383244547e-02 1.7007874592e-01
-2.6709626573e-02 1.7027602262e-01
-2.6933908729e-02 1.7048947864e-01
-2.6940750116e-02 1.7040240049e-01
-2.6800839240e-02 1.7016523014e-01
-2.6661483899e-02 1.7000508257e-01
-2.6521633972e-02 1.6990256170e-01
-2.6367922366e-02 1.6976784767e-01
-2.6174688208e-02 1.6959365932e-01
-2.5952587609e-02 1.6938256970e-01
-2.5718503828e-02 1.6913971992e-01
-2.5461582981e-02 1.6885755960e-01
-2.5112608528e-02 1.6840525456e-01
-2.4625310362e-02 1.6773377613e-01
-2.4000721410e-02 1.6681814715e-01
-2.3245769792e-02 1.6564088340e-01
-2.2517433309e-02 1.6448312263e-01
-2.1783846103e-02 1.6302744932e-01
-2.1279544564e-02 1.6171250319e-01
-2.1074444269e-02 1.6062203692e-01
-2.1108258626e-02 1.5968890237e-01
-2.1178779425e-02 1.5859761121e-01
-2.1226544850e-02 1.5749688487e-01
-2.1162747241e-02 1.5634467049e-01
-2.0904356666e-02 1.5497125428e-01
-2.0584907691e-02 1.5364568396e-01
-2.0275433119e-02 1.5237093174e-01
-2.0133234274e-02 1.5149634825e-01
-2.0056193809e-02 1.5071401454e-01
-1.9994932143e-02 1.4994993836e-01
-1.9968010820e-02 1.4932020098e-01
-1.9957176862e-02 1.4875476863e-01
-1.9927294143e-02 1.4810386193e-01
-2.0011651126e-02 1.4768526013e-01
-2.0095422094e-02 1.4726606701e-01
-2.0145067615e-02 1.4687237096e-01
-2.0114109785e-02 1.4645274686e-01
-1.9956944753e-02 1.4578885433e-01
-1.9925304657e-02 1.4543195222e-01
-1.9959487988e-02 1.4500571984e-01
-2.0158824245e-02 1.4480778582e-01
-2.0408442682e-02 1.4468485849e-01
-2.0504263593e-02 1.4431985502e-01
-2.0458087192e-02 1.4386356688e-01
-2.0241522816e-02 1.4322748447e-01
-1.9956699559e-02 1.4256809496e-01
-1.9688345314e-02 1.4200929998e-01
-1.9399745570e-02 1.4139628828e-01
-1.9127897007e-02 1.4088288239e-01
-1.8812385485e-02 1.4029505640e-01
-1.8456594737e-02 1.3969585236e-01
-1.8091663938e-02 1.3908784258e-01
-1.7685571134e-02 1.3840280466e-01
-1.7344291763e-02 1.3788578112e-01
-1.6967463413e-02 1.3728643971e-01
-1.6602265837e-02 1.3684465256e-01
-1.6158657528e-02 1.3628914379e-01
-1.5724273984e-02 1.3587175635e-01
-1.5336987310e-02 1.3558259604e-01
-1.5003063931e-02 1.3543325264e-01
-1.4711532207e-02 1.3540094636e-01
-1.4404726124e-02 1.3541712602e-01
-1.4031478081e-02 1.3542770096e-01
-1.3549632393e-02 1.3535496309e-01
-1.2966738590e-02 1.3514886013e-01
-1.2378769159e-02 1.3491778866e-01
-1.1868186569e-02 1.3464558234e-01
-1.1585497421e-02 1.3451697045e-01
